"SBS5" "SBS18" "SBS11" "SBS32" "SBS36" "N2"
"MD6812_Left_lobe_Cl.10" 0.147111623343413 0.00907853958979423 0.126264826546227 0.171309627788973 0.0336687323750755 0.512566650356518
"MD6812_Left_lobe_Cl.11" 0.0818097701054659 0.00133633246409189 0.0888652142243556 0.225447608465644 0.0422178940190141 0.560323180721428
"MD6812_Left_lobe_Cl.12" 0.137746081374828 0.00509771372877056 0.0896880788881923 0.191813947870269 0.0153855288795647 0.560268649258376
"MD6812_Left_lobe_Cl.13" 0.0295237189491837 0.0280019352308424 0.0366439220938952 0.029775446315177 0.0291448757550135 0.846910101655888
"MD6812_Left_lobe_Cl.14" 0.110017612565245 0.00414403114483388 0.0906635228675664 0.183986929481307 0.0105277209862659 0.600660182954782
"MD6812_Left_lobe_Cl.16" 0.118101114723229 0.0270242366964686 0.0231522268558143 0.0580445059772102 0.0214723861481576 0.75220552959912
"MD6812_Left_lobe_Cl.17" 0.0937745351909768 0.0143221457658231 0.0240329150250239 0.109489755403056 0.017054428958374 0.741326219656746
"MD6812_Left_lobe_Cl.18" 0.114152428412844 0.00368864949769313 0.0764351673601253 0.187270162074091 0.021654292625704 0.596799300029542
"MD6812_Left_lobe_Cl.19" 0.0202028037441402 0.0308292939640071 0.0522269975160849 0.103993575871939 0.0346980363705165 0.758049292533312
"MD6812_Left_lobe_Cl.2" 0.14096369020708 0.00903389671468519 0.0156184842729552 0.126108245733218 0.0198743626199656 0.688401320452097
"MD6812_Left_lobe_Cl.22" 0.268352922749098 0.0110634582940284 0.0817268945058458 0.143686019401998 0.0200047166068098 0.475165988442221
"MD6812_Left_lobe_Cl.23" 0.12429715941382 0.00569990526047736 0.0613626134211128 0.168609910854899 0.00694644317667791 0.633083967873013
"MD6812_Left_lobe_Cl.3" 0.351822489943311 0.185436439949514 0.062290087402253 0.0926582532330342 0.131759386032827 0.176033343439061
"MD6812_Left_lobe_Cl.65" 0.160507389219164 0.147946277248965 0.206757764006691 0.190575117310266 0.14667585978561 0.147537592429305
"MD6812_Left_lobe_Cl.8" 0.104763907859281 0.0119754896109145 0.0599295574866455 0.141007619426857 0.0303461964428193 0.651977229173482
"MD6812_Left_lobe_Cl.9" 0.134003379219003 0.00433998565773432 0.0866389370083196 0.221080845289395 0.00350916221999432 0.550427690605554
"MD6812_Right_lobe_Cl.1" 0.140314461911062 0.0091983089985142 0.0155631179562242 0.126279692630404 0.0197833683134479 0.688861050190347
"MD6812_Right_lobe_Cl.10" 0.464734882928242 0.105372296704939 0.0972407557812512 0.181110989419254 0.0755486816776667 0.0759923934886466
"MD6812_Right_lobe_Cl.11" 0.0197800734003594 0.030911744897096 0.0502326950848082 0.109837663846642 0.0344748548975251 0.754762967873569
"MD6812_Right_lobe_Cl.12" 0.094389301829014 0.0144069092399681 0.026351218844538 0.107906261454411 0.0170781016600814 0.739868206971988
"MD6812_Right_lobe_Cl.13" 0.370785330931632 0.141138992537721 0.108300051412901 0.107245908985473 0.0801679933377734 0.192361722794499
"MD6812_Right_lobe_Cl.15" 0.128094312182722 0.0136898350568959 0.0360942839803946 0.252765673036278 0.0174605522059761 0.551895343537734
"MD6812_Right_lobe_Cl.18" 0.121917917023988 0.0259573881639542 0.023201524758391 0.0567980874840905 0.0225811200925588 0.749543962477018
"MD6812_Right_lobe_Cl.19" 0.178733165916707 0.00499673139991017 0.0759572628559541 0.191805484095856 0.0207186546803529 0.52778870105122
"MD6812_Right_lobe_Cl.2" 0.139431892716965 0.0452072545424851 0.0299451800370342 0.093172823937965 0.0261720029895816 0.666070845775969
"MD6812_Right_lobe_Cl.20" 0.218426370696877 0.223728797670007 0.0270553754022937 0.0450654099795248 0.137147657101973 0.348576389149325
"MD6812_Right_lobe_Cl.3" 0.17469914808541 0.0106496206674317 0.0558385840335874 0.273900770068943 0.0089647667161955 0.475947110428432
"MD6812_Right_lobe_Cl.4" 0.228581310997422 0.322160264243039 0.0242949066292502 0.0913450787418664 0.110629880598334 0.222988558790088
"MD6812_Right_lobe_Cl.71" 0.159903051733995 0.14887578708252 0.206305189710245 0.191757332153955 0.147313420904665 0.14584521841462
"MD7047_Left_lobe_Cl.1" 0.10014147526382 0.00419388028958772 0.0638030134838235 0.171958016535441 0.0197649005597825 0.640138713867545
"MD7047_Left_lobe_Cl.10" 0.327592025770506 0.140240545676509 0.165164753064083 0.149867439016515 0.0975967262927046 0.119538510179684
"MD7047_Left_lobe_Cl.11" 0.132607318546886 0.00439983297587709 0.0973555229192981 0.204967916887058 0.0264683353156247 0.534201073355256
"MD7047_Left_lobe_Cl.12" 0.117058439977514 0.00283909062393216 0.0945475941525293 0.209515681841232 0.00736519165654942 0.568674001748242
"MD7047_Left_lobe_Cl.13" 0.0933557418498558 0.00139168374660207 0.0324877427166532 0.106374397790681 0.0012942291142833 0.765096204781925
"MD7047_Left_lobe_Cl.14" 0.170809212067826 0.150128475694136 0.165941942298496 0.215853612367253 0.147199796945275 0.150066960627013
"MD7047_Left_lobe_Cl.15" 0.171543781450542 0.00590644228435086 0.064446839956907 0.236443735222458 0.0132414861333836 0.508417714952358
"MD7047_Left_lobe_Cl.16" 0.0933444377688727 0.0029241087804825 0.07629075540935 0.251361437835471 0.0306527691684205 0.545426491037403
"MD7047_Left_lobe_Cl.17" 0.119332476918253 0.00676369281939852 0.0622851295638393 0.206839354658185 0.00674742737131086 0.598031918669014
"MD7047_Left_lobe_Cl.18" 0.0989467957961235 0.00264685960046702 0.0614578403273559 0.170175707089602 0.0137671349419001 0.653005662244552
"MD7047_Left_lobe_Cl.19" 0.103570406021942 0.00154791716981561 0.0801983927031619 0.208764400692916 0.0214344344642109 0.584484448947953
"MD7047_Left_lobe_Cl.2" 0.18404165078903 0.143662701856047 0.142071351013862 0.187685436436555 0.133389681550078 0.209149178354428
"MD7047_Left_lobe_Cl.20" 0.155340049468546 0.150048204053679 0.143420780686914 0.187047529700278 0.146934449280247 0.217208986810337
"MD7047_Left_lobe_Cl.21" 0.341983268618455 0.114890121042015 0.1595270316909 0.125948532432091 0.094541261721647 0.163109784494892
"MD7047_Left_lobe_Cl.22" 0.0601897544969827 0.00387956500918637 0.0477736549016506 0.137320796627762 0.0138717564685139 0.736964472495905
"MD7047_Left_lobe_Cl.23" 0.0897362473974716 0.00197980454714616 0.0728589116755536 0.190533633551204 0.0206513635038699 0.624240039324755
"MD7047_Left_lobe_Cl.24" 0.113990456109965 0.00796138670391773 0.120684274240278 0.22034135161336 0.0216599976539853 0.515362533678494
"MD7047_Left_lobe_Cl.25" 0.242622845378651 0.148010560640744 0.131968771492984 0.1626485072255 0.141337489142512 0.173411826119609
"MD7047_Left_lobe_Cl.26" 0.151303081161276 0.00506566201808395 0.0983236057585203 0.250813692998635 0.0179420312179482 0.476551926845537
"MD7047_Left_lobe_Cl.27" 0.300676293226037 0.142360665078713 0.115533511849212 0.174308591511911 0.125095814189508 0.14202512414462
"MD7047_Left_lobe_Cl.28" 0.234665773530155 0.167987192571481 0.126552954976799 0.163136336801587 0.15171446021771 0.155943281902268
"MD7047_Left_lobe_Cl.29" 0.206661574922861 0.0430473196523787 0.108847551278668 0.192888223314074 0.0959490217792529 0.352606309052766
"MD7047_Left_lobe_Cl.3" 0.13110133168127 0.00651425529832391 0.087699203648841 0.213769073714972 0.0165520065232567 0.544364129133337
"MD7047_Left_lobe_Cl.32" 0.165857708330558 0.0605795432315502 0.104043762479145 0.162778225565638 0.0664144018228788 0.440326358570231
"MD7047_Left_lobe_Cl.33" 0.0882762437961344 0.00145828817683184 0.0882425538257878 0.211199301596874 0.0321055348607056 0.578718077743667
"MD7047_Left_lobe_Cl.34" 0.206424997573298 0.17497025186512 0.156708202301233 0.16062288921281 0.142665541115402 0.158608117932138
"MD7047_Left_lobe_Cl.35" 0.132530588108259 0.164153338589559 0.157234656429308 0.190160258226168 0.175937475361206 0.1799836832855
"MD7047_Left_lobe_Cl.37" 0.117365230866575 0.00473113343698679 0.0884729307609938 0.255668235700823 0.00405627425761413 0.529706194977007
"MD7047_Left_lobe_Cl.39" 0.161518917329944 0.147401228694997 0.144069855520514 0.144696870854259 0.148717369798603 0.253595757801683
"MD7047_Left_lobe_Cl.4" 0.148645872113521 0.130896151583799 0.112072839784427 0.116548593231395 0.122221724209598 0.36961481907726
"MD7047_Left_lobe_Cl.40" 0.138894472331456 0.00845650502750734 0.0907402068871039 0.214583186190339 0.0349783966210147 0.512347232942578
"MD7047_Left_lobe_Cl.41" 0.196406560688381 0.0348481882714845 0.0935811196748741 0.253582599175619 0.0353911449350315 0.38619038725461
"MD7047_Left_lobe_Cl.42" 0.233775903463088 0.168157408246683 0.131300711804921 0.139772276879722 0.119087466254981 0.207906233350606
"MD7047_Left_lobe_Cl.43" 0.114338951054065 0.00155848831736933 0.0386936681880689 0.109425032574272 0.0025178428271715 0.733466017039053
"MD7047_Left_lobe_Cl.45" 0.204136671076181 0.166755666532273 0.146041849521992 0.154292526082585 0.154991239594116 0.173782047192853
"MD7047_Left_lobe_Cl.46" 0.079738993383564 0.00592579054631791 0.0504111863946428 0.162923994351062 0.00999081606554287 0.69100921925887
"MD7047_Left_lobe_Cl.5" 0.0965673211776264 0.00208348126615613 0.0637841041543837 0.149845971371536 0.017840166580588 0.669878955449709
"MD7047_Left_lobe_Cl.50" 0.0926003782738433 0.00632318315153993 0.0853997329172292 0.166091578425699 0.00881933984113341 0.640765787390555
"MD7047_Left_lobe_Cl.51" 0.0692351922463044 0.00695285000830901 0.0572915670494655 0.222854675554831 0.00782460063788913 0.635841114503201
"MD7047_Left_lobe_Cl.52" 0.195201721426239 0.150768327298305 0.123796763282131 0.180237028894906 0.118165268755973 0.231830890342446
"MD7047_Left_lobe_Cl.54" 0.243119148927272 0.19459644412077 0.109666027263799 0.177467237119198 0.142634834105455 0.132516308463507
"MD7047_Left_lobe_Cl.55" 0.222043162464135 0.154678982743981 0.142695977085227 0.187375977685218 0.136449025185982 0.156756874835457
"MD7047_Left_lobe_Cl.57" 0.109990424475274 0.2323332592123 0.132250370117443 0.135357127048639 0.27480816138038 0.115260657765964
"MD7047_Left_lobe_Cl.6" 0.277156783024007 0.143727043935367 0.129339183565774 0.138104956917767 0.140508320114698 0.171163712442386
"MD7047_Left_lobe_Cl.62" 0.282328234904882 0.128800628169773 0.112664245060813 0.11751603194131 0.125053462504865 0.233637397418358
"MD7047_Left_lobe_Cl.63" 0.153453753813306 0.101548106233057 0.0121482831669549 0.132513815181805 0.038951173623096 0.561384867981781
"MD7047_Left_lobe_Cl.65" 0.0976391998832617 0.0073482699883681 0.0677560594469485 0.245340878029652 0.00481955646058884 0.577096036191181
"MD7047_Left_lobe_Cl.66" 0.224045798938604 0.150472889712699 0.128932391783306 0.130594584760928 0.139217700673096 0.226736634131367
"MD7047_Left_lobe_Cl.68" 0.146928124076294 0.200926073460729 0.178455716283584 0.170111182604855 0.168501539897652 0.135077363676885
"MD7047_Left_lobe_Cl.69" 0.154291306300754 0.139185186488216 0.152700753623995 0.207357990567683 0.120439160724371 0.226025602294981
"MD7047_Left_lobe_Cl.7" 0.11462187922599 0.00234603998859228 0.00783786193338269 0.0949878831234395 0.00200028407431516 0.778206051654281
"MD7047_Left_lobe_Cl.70" 0.189809222630408 0.131895045358104 0.127851027242235 0.127167480111609 0.134195397897102 0.289081826760543
"MD7047_Left_lobe_Cl.71" 0.156218648968174 0.149531774080169 0.233608383371537 0.164324039720136 0.147206785199396 0.149110368660587
"MD7047_Left_lobe_Cl.72" 0.156687830861988 0.149184333082529 0.231296851534257 0.166431997134004 0.146521519245359 0.149877468141863
"MD7047_Left_lobe_Cl.73" 0.242992232065825 0.160211549403849 0.145042807381065 0.145524490937963 0.157717308180945 0.148511612030354
"MD7047_Left_lobe_Cl.75" 0.225338024127831 0.139602028970346 0.120017685439644 0.141492470062816 0.146820160998452 0.226729630400911
"MD7047_Left_lobe_Cl.78" 0.203798995038659 0.175641415733004 0.14455804869545 0.147293358436202 0.152545123096956 0.176163058999728
"MD7047_Left_lobe_Cl.79" 0.164078914603136 0.215099982366281 0.142190163776298 0.143265292408874 0.184543409297874 0.150822237547538
"MD7047_Left_lobe_Cl.8" 0.101817824301821 0.00155847801719627 0.0588478484666419 0.14128335543931 0.0157731630123334 0.680719330762698
"MD7047_Left_lobe_Cl.81" 0.264452500605526 0.147223996706245 0.128070802701506 0.162169317688468 0.141354751473448 0.156728630824807
"MD7047_Left_lobe_Cl.82" 0.170310080109739 0.151074163040004 0.16578685100891 0.215224139292393 0.146877814765009 0.150726951783945
"MD7047_Left_lobe_Cl.84" 0.205291364016172 0.13818301099359 0.180483131553733 0.192236129532382 0.136914979034834 0.14689138486929
"MD7047_Left_lobe_Cl.85" 0.161069924408521 0.15734716863668 0.198109766694968 0.15894346189354 0.134713071790296 0.189816606575995
"MD7047_Left_lobe_Cl.86" 0.251835180391193 0.130790014473704 0.126911649805737 0.161433953219027 0.126042145919069 0.202987056191271
"MD7047_Left_lobe_Cl.87" 0.244711626057313 0.154324013703159 0.145424680015246 0.144297386329035 0.156217765440115 0.155024528455133
"MD7047_Left_lobe_Cl.88" 0.205589311957189 0.272687723105632 0.0505546456466598 0.0554817251504387 0.174449319348118 0.241237274791962
"MD7047_Left_lobe_Cl.89" 0.105286426364955 0.0158674263227868 0.0532138520821837 0.158121340011724 0.0126865480067681 0.654824407211583
"MD7047_Left_lobe_Cl.9" 0.06917138245169 0.00570811968498 0.0306042341370567 0.0870265401984333 0.00987685858675622 0.797612864941084
"MD7047_Left_lobe_Cl.90" 0.311701694666215 0.043063402928489 0.065740536193238 0.150323428454699 0.0343852966196314 0.394785641137729
"MD7047_Left_lobe_Cl.91" 0.203749419313667 0.174836718782089 0.134665886927085 0.166801578108676 0.138275315248661 0.181671081619821
"MD7047_Left_lobe_Cl.92" 0.19262304161468 0.0648794148451143 0.0654083593661128 0.209622393697472 0.0475050848351798 0.419961705641441
"MD7047_Left_lobe_Cl.94" 0.370399500213366 0.204584603361061 0.0429592252732291 0.0787254671269805 0.176498409854696 0.126832794170667
"MD7047_Left_lobe_Cl.95" 0.287280311319745 0.147070926995813 0.112608775515231 0.115759266728416 0.143684832053774 0.193595887387022
"MD7047_Left_lobe_Cl.96" 0.2031382028356 0.156363398930187 0.144272571694711 0.150047905715346 0.150885026486969 0.195292894337188
"MD7047_Left_lobe_Cl.97" 0.266712538250751 0.13905789253027 0.125057408327955 0.130035102962759 0.135481289281719 0.203655768646546
"MD7047_Left_lobe_Cl.99" 0.208870774780571 0.15945748275621 0.144178005195603 0.150225166191478 0.151875885933742 0.185392685142397
"MD7047_Right_lobe_Cl.1" 0.116003498626572 0.00174856198354883 0.0517244211342305 0.151985716045541 0.00501973546552969 0.673518066744578
"MD7047_Right_lobe_Cl.10" 0.103534087302798 0.0022225217797457 0.0573352915691078 0.173444580072935 0.0120457547639046 0.651417764511509
"MD7047_Right_lobe_Cl.100" 0.161973818938439 0.0183439253792496 0.077420261611431 0.120895027622086 0.0136544710438708 0.607712495404924
"MD7047_Right_lobe_Cl.12" 0.105130571577052 0.00126384614159568 0.0342139558100866 0.107612202590256 0.00137195661181219 0.750407467269197
"MD7047_Right_lobe_Cl.13" 0.102896187287167 0.00146400256251369 0.0131067803592847 0.0843791762590195 0.00121640193438169 0.796937451597633
"MD7047_Right_lobe_Cl.14" 0.138241815486154 0.00764280533006467 0.0744819558405836 0.215611825914188 0.0101387155152469 0.553882881913763
"MD7047_Right_lobe_Cl.16" 0.0705964755838565 0.00269425294269982 0.0633944592712166 0.152300831588419 0.0178248145337052 0.693189166080103
"MD7047_Right_lobe_Cl.18" 0.100517464036404 0.0110201934575258 0.0901485100891906 0.228248648492569 0.0214992713252026 0.548565912599108
"MD7047_Right_lobe_Cl.19" 0.107188225556548 0.00110083514055609 0.0435704468506048 0.126528725370756 0.00535736141339062 0.716254405668145
"MD7047_Right_lobe_Cl.2" 0.203106847267383 0.155657706334482 0.144914457298997 0.149835310293508 0.152485615656906 0.194000063148723
"MD7047_Right_lobe_Cl.20" 0.272505273701607 0.173299618391814 0.0338082211499704 0.116949611408073 0.0584232907661999 0.345013984582336
"MD7047_Right_lobe_Cl.21" 0.152487517840649 0.0358239420924312 0.072065249520378 0.27277575642616 0.0333726713448122 0.433474862775569
"MD7047_Right_lobe_Cl.22" 0.223158519153692 0.155988892737813 0.143956513417121 0.160134842949957 0.157160352014128 0.15960087972729
"MD7047_Right_lobe_Cl.23" 0.116511909579408 0.00227811906183431 0.0490888076159436 0.171600009284839 0.00492077851056102 0.655600375947414
"MD7047_Right_lobe_Cl.24" 0.248666883356505 0.14061923974671 0.126375019767812 0.20349495047421 0.133186742655706 0.147657163999057
"MD7047_Right_lobe_Cl.25" 0.174453312675517 0.0160748839241731 0.0767430195036317 0.255015231202075 0.0321811924937528 0.445532360200851
"MD7047_Right_lobe_Cl.26" 0.220804347445192 0.257284792092523 0.0588339992750445 0.0736869889256862 0.106504014071626 0.282885858189928
"MD7047_Right_lobe_Cl.27" 0.168197632575071 0.187590209674662 0.143241317860696 0.144927765805527 0.153516096692412 0.202526977391633
"MD7047_Right_lobe_Cl.29" 0.177865105308706 0.159678682663578 0.179767937175279 0.185917529694555 0.149711816133782 0.1470589290241
"MD7047_Right_lobe_Cl.3" 0.133793998843349 0.0127434385901486 0.0916355968317067 0.265928792785831 0.0156731420983192 0.480225030850646
"MD7047_Right_lobe_Cl.30" 0.257599049772733 0.00280650579421949 0.0295144520499899 0.182097213094928 0.00321730885540183 0.524765470432727
"MD7047_Right_lobe_Cl.31" 0.176370736036005 0.0797388330342061 0.0979630583059871 0.202560146274854 0.0795232940626126 0.363843932286335
"MD7047_Right_lobe_Cl.32" 0.195753971363038 0.15575018541247 0.142691134783632 0.144779678490225 0.176930426858357 0.184094603092278
"MD7047_Right_lobe_Cl.33" 0.24090685467683 0.158709753158656 0.143988414713203 0.149719654822231 0.157054552732875 0.149620769896205
"MD7047_Right_lobe_Cl.34" 0.109914827293263 0.0133888535598967 0.0670885622592692 0.177996986101205 0.03317211121093 0.598438659575436
"MD7047_Right_lobe_Cl.37" 0.226123130912202 0.143790166466398 0.167384294909057 0.189411634966063 0.141006197466314 0.132284575279966
"MD7047_Right_lobe_Cl.38" 0.143813718214773 0.215178019590607 0.135073843400773 0.142715069928085 0.237785530505278 0.125433818360484
"MD7047_Right_lobe_Cl.39" 0.487102036491582 0.237918001150467 0.0105053143332853 0.0183567990597195 0.0209353672246074 0.22518248174034
"MD7047_Right_lobe_Cl.4" 0.1491825489538 0.221712074367285 0.143365635087876 0.145713154393476 0.19010062142843 0.149925965769134
"MD7047_Right_lobe_Cl.40" 0.134615455218065 0.00366815878135236 0.0944652173914882 0.219978875343612 0.00409692789745522 0.543175365368028
"MD7047_Right_lobe_Cl.41" 0.555814367713074 0.144019568813458 0.0949016859352113 0.0941624395937913 0.0700994218603905 0.0410025160840752
"MD7047_Right_lobe_Cl.42" 0.115812926193471 0.00239451083763735 0.0842035058171257 0.227332404657667 0.0328365591757956 0.537420093318304
"MD7047_Right_lobe_Cl.44" 0.176226827191468 0.151314896108844 0.187862344505736 0.203921897278253 0.121884307104908 0.158789727810792
"MD7047_Right_lobe_Cl.46" 0.111003134466849 0.230645052064058 0.13298731085439 0.136076863265347 0.274652842340342 0.114634797009014
"MD7047_Right_lobe_Cl.47" 0.238282897619797 0.152041657715293 0.175095777494595 0.161297771946476 0.124256220203157 0.149025675020682
"MD7047_Right_lobe_Cl.48" 0.159768412405872 0.148967652894849 0.207462009754024 0.192097723599389 0.145927675935851 0.145776525410015
"MD7047_Right_lobe_Cl.49" 0.21229532521623 0.189308283831304 0.12718965467167 0.142481014930667 0.143427536148783 0.185298185201346
"MD7047_Right_lobe_Cl.5" 0.22668597387785 0.00255815120584143 0.0615469789149596 0.169892427876028 0.0031126352401231 0.536203832885198
"MD7047_Right_lobe_Cl.50" 0.23533702116267 0.155961800228292 0.12778253078911 0.158668570005854 0.137991903513362 0.184258174300712
"MD7047_Right_lobe_Cl.52" 0.155587439749774 0.129792077459544 0.206305105843692 0.202188151755358 0.123368683133283 0.182758542058349
"MD7047_Right_lobe_Cl.53" 0.170316365826974 0.150767802284392 0.163719437499313 0.215429029984682 0.149738867737658 0.150028496666981
"MD7047_Right_lobe_Cl.54" 0.242651839662212 0.126023779446415 0.103131088337938 0.123227706898027 0.122444402394436 0.282521183260972
"MD7047_Right_lobe_Cl.55" 0.267898016509011 0.142458395173232 0.140847989814466 0.159258677346168 0.150114643253407 0.139422277903717
"MD7047_Right_lobe_Cl.56" 0.548234065301131 0.298464882287088 0.0179694706565584 0.0403947754333003 0.0258579891107575 0.0690788172111645
"MD7047_Right_lobe_Cl.57" 0.164555734237303 0.170259785567675 0.143468187098542 0.146714007651583 0.152845455171169 0.222156830273729
"MD7047_Right_lobe_Cl.58" 0.155252647674793 0.170533177390004 0.126276126782805 0.134217386976313 0.183689623923926 0.230031037252159
"MD7047_Right_lobe_Cl.61" 0.176901351639248 0.161552998339161 0.178900959928672 0.184210131546016 0.150149030827822 0.148285527719081
"MD7047_Right_lobe_Cl.62" 0.332649675774015 0.126168265542878 0.0800763665892028 0.101360779588054 0.0792077408272656 0.280537171678584
"MD7047_Right_lobe_Cl.63" 0.150551582832279 0.187740031859366 0.143885485767669 0.145785560543253 0.218163875445473 0.153873463551959
"MD7047_Right_lobe_Cl.65" 0.299715029891483 0.152019802875577 0.117150767181231 0.144677026084801 0.146306512191206 0.140130861775702
"MD7047_Right_lobe_Cl.68" 0.154886016856487 0.192667554756579 0.142883605745239 0.163496372521251 0.168969147835419 0.177097302285025
"MD7047_Right_lobe_Cl.7" 0.204519897450408 0.155212928530995 0.143473746395575 0.150195664572086 0.151066537958093 0.195531225092843
"MD7047_Right_lobe_Cl.70" 0.178575503243867 0.161626414481392 0.179172687087171 0.184580007106799 0.14891684367722 0.14712854440355
"MD7047_Right_lobe_Cl.71" 0.157608656559581 0.155861047695217 0.143627430297493 0.148181033551701 0.147637913341728 0.24708391855428
"MD7047_Right_lobe_Cl.73" 0.156187592021965 0.148142831667992 0.232232336010021 0.165260359150183 0.146504759678317 0.151672121471523
"MD7047_Right_lobe_Cl.74" 0.17905849620561 0.154599975877752 0.111252160594987 0.125445407018148 0.134159079646303 0.295484880657199
"MD7047_Right_lobe_Cl.76" 0.439328013956272 0.42404543567888 0.0126662006260902 0.0311653851057485 0.0443050236946271 0.0484899409383815
"MD7047_Right_lobe_Cl.77" 0.194390384733762 0.1564509298583 0.143959232125742 0.145140174931656 0.174978143660911 0.185081134689628
"MD7047_Right_lobe_Cl.78" 0.157553324665941 0.157329486496247 0.144352120354188 0.147342288546789 0.144662434046492 0.248760345890343
"MD7047_Right_lobe_Cl.8" 0.147754761149862 0.00341434583492063 0.0739730652262545 0.215132769150892 0.00619939934985145 0.55352565928822
"MD7047_Right_lobe_Cl.81" 0.247474326683435 0.137903869870124 0.158768870257167 0.166638826684971 0.137851059926408 0.151363046577894
"MD7047_Right_lobe_Cl.82" 0.166881634665334 0.167904854501663 0.143537248163279 0.196678862193679 0.168535042386281 0.156462358089764
"MD7047_Right_lobe_Cl.84" 0.630067467682016 0.152829790877354 0.0207332026519068 0.0226847759092661 0.0899310614746725 0.0837537014047841
"MD7047_Right_lobe_Cl.85" 0.197474056593116 0.135124027449691 0.127571052994523 0.131449144891896 0.13395559893378 0.274426119136994
"MD7047_Right_lobe_Cl.86" 0.185279232253814 0.154733628497013 0.14664674779489 0.185193708109204 0.150080860241393 0.178065823103686
"MD7047_Right_lobe_Cl.88" 0.19105742227113 0.161256478809997 0.185693861663744 0.182737730551431 0.138948667804514 0.140305838899183
"MD7047_Right_lobe_Cl.89" 0.235409737165971 0.162594687804101 0.129150848682296 0.188848227404264 0.142945034087102 0.141051464856267
"MD7047_Right_lobe_Cl.9" 0.0992637268711286 0.00621436341017114 0.0892632935227582 0.219326584792351 0.0068239917668271 0.579108039636764
"MD7047_Right_lobe_Cl.91" 0.27241810731168 0.143039182354756 0.102624201782391 0.107225377440749 0.166398229132639 0.208294901977785
"MD7047_Right_lobe_Cl.92" 0.253025248237838 0.149690650593447 0.143763421905163 0.147066978643825 0.154613395014173 0.151840305605553
"MD7047_Right_lobe_Cl.93" 0.13424846103537 0.176138966648562 0.110840514672683 0.105036386256752 0.144996931227254 0.328738740159379
"MD7047_Right_lobe_Cl.94" 0.24821947564286 0.152334763461126 0.143699514957875 0.152142254217618 0.15209614267282 0.151507849047701
"MD7047_Right_lobe_Cl.96" 0.177597103350176 0.16086166325472 0.179547729982243 0.184716477082686 0.150291077609346 0.14698594872083
"MD7047_Right_lobe_Cl.97" 0.223927796630415 0.154587654551641 0.131148899622718 0.166531559593854 0.13895787557519 0.184846214026182
"MD7047_Right_lobe_Cl.98" 0.227782877100453 0.122711933638429 0.147635322129832 0.0993340012950359 0.0806310775226347 0.321904788313616
"MD7047_Right_lobe_Cl.99" 0.297123700884802 0.107392482435858 0.0568426090443229 0.0525954675285726 0.0838348799233826 0.402210860183062
