C.A.in.ACA	C.A.in.ACC	C.A.in.ACG	C.A.in.ACT	C.A.in.CCA	C.A.in.CCC	C.A.in.CCG	C.A.in.CCT	C.A.in.GCA	C.A.in.GCC	C.A.in.GCG	C.A.in.GCT	C.A.in.TCA	C.A.in.TCC	C.A.in.TCG	C.A.in.TCT	C.G.in.ACA	C.G.in.ACC	C.G.in.ACG	C.G.in.ACT	C.G.in.CCA	C.G.in.CCC	C.G.in.CCG	C.G.in.CCT	C.G.in.GCA	C.G.in.GCC	C.G.in.GCG	C.G.in.GCT	C.G.in.TCA	C.G.in.TCC	C.G.in.TCG	C.G.in.TCT	C.T.in.ACA	C.T.in.ACC	C.T.in.ACG	C.T.in.ACT	C.T.in.CCA	C.T.in.CCC	C.T.in.CCG	C.T.in.CCT	C.T.in.GCA	C.T.in.GCC	C.T.in.GCG	C.T.in.GCT	C.T.in.TCA	C.T.in.TCC	C.T.in.TCG	C.T.in.TCT	T.A.in.ATA	T.A.in.ATC	T.A.in.ATG	T.A.in.ATT	T.A.in.CTA	T.A.in.CTC	T.A.in.CTG	T.A.in.CTT	T.A.in.GTA	T.A.in.GTC	T.A.in.GTG	T.A.in.GTT	T.A.in.TTA	T.A.in.TTC	T.A.in.TTG	T.A.in.TTT	T.C.in.ATA	T.C.in.ATC	T.C.in.ATG	T.C.in.ATT	T.C.in.CTA	T.C.in.CTC	T.C.in.CTG	T.C.in.CTT	T.C.in.GTA	T.C.in.GTC	T.C.in.GTG	T.C.in.GTT	T.C.in.TTA	T.C.in.TTC	T.C.in.TTG	T.C.in.TTT	T.G.in.ATA	T.G.in.ATC	T.G.in.ATG	T.G.in.ATT	T.G.in.CTA	T.G.in.CTC	T.G.in.CTG	T.G.in.CTT	T.G.in.GTA	T.G.in.GTC	T.G.in.GTG	T.G.in.GTT	T.G.in.TTA	T.G.in.TTC	T.G.in.TTG	T.G.in.TTT
MD6812_Left_lobe_Cl.10	33	13	6	13	21	24	2	18	11	14	1	15	27	59	2	42	4	11	0	2	3	10	0	4	2	6	3	5	5	11	0	12	66	86	24	71	12	30	2	26	11	39	2	22	30	91	4	61	36	28	46	17	7	13	16	3	12	22	28	13	12	9	16	8	19	22	22	11	7	7	3	5	14	17	11	13	5	7	2	4	33	37	15	38	1	5	5	7	7	25	6	12	7	15	4	10
MD6812_Left_lobe_Cl.11	516	223	45	243	222	335	14	188	149	209	26	207	331	758	21	558	28	78	2	63	30	88	6	57	28	82	5	62	66	253	8	156	874	1125	176	922	147	304	29	205	159	365	35	281	483	954	81	766	524	268	540	307	120	104	173	72	179	222	236	160	162	146	155	96	131	163	172	140	52	48	37	45	107	142	96	126	56	50	26	37	380	478	285	416	39	126	51	66	162	258	147	221	60	171	53	98
MD6812_Left_lobe_Cl.12	183	66	19	66	65	68	3	44	48	49	0	52	89	182	7	148	9	27	3	20	10	32	2	16	9	16	0	18	21	52	0	44	226	323	55	260	39	105	11	57	42	118	17	80	156	291	17	191	149	87	162	85	29	25	41	15	48	65	58	41	60	46	41	26	54	74	73	34	19	30	16	14	52	77	37	63	14	27	16	22	140	161	88	144	19	43	13	26	55	87	40	71	29	47	33	30
MD6812_Left_lobe_Cl.13	13	4	3	3	2	2	0	2	2	3	2	6	3	18	3	11	0	2	1	2	0	3	0	2	1	2	0	0	1	5	0	0	3	12	2	5	1	3	0	0	1	4	0	1	1	8	0	2	5	10	23	5	3	6	2	3	3	9	8	2	4	3	1	0	1	4	1	1	0	0	1	1	0	0	1	2	2	1	0	1	9	12	4	5	1	7	4	1	2	8	1	3	1	4	0	3
MD6812_Left_lobe_Cl.14	265	93	33	134	92	100	4	76	85	87	15	90	124	307	12	242	19	66	0	38	11	52	2	39	10	49	4	38	33	127	5	77	398	512	103	378	48	134	18	98	86	177	24	155	172	486	41	340	241	118	242	141	43	49	72	30	78	81	108	90	73	61	68	49	85	88	96	70	21	21	10	20	77	80	65	72	25	25	18	33	223	264	162	313	31	74	34	47	95	167	96	146	38	104	47	67
MD6812_Left_lobe_Cl.16	14	9	2	7	9	12	0	4	8	6	1	3	12	28	2	14	2	4	0	3	0	3	1	3	0	2	0	2	1	12	1	4	12	12	6	11	5	2	0	4	3	8	1	3	4	16	1	10	21	13	13	8	5	5	7	3	7	12	13	6	5	5	4	7	7	3	6	3	2	3	0	0	3	6	4	3	1	2	1	5	18	19	10	12	3	3	2	3	5	13	8	7	5	2	5	4
MD6812_Left_lobe_Cl.17	13	7	3	3	4	11	1	7	8	7	0	12	8	31	1	21	2	5	0	2	0	4	0	4	0	4	1	3	7	15	0	7	14	29	10	15	3	8	1	4	4	6	4	9	16	17	1	15	28	19	37	17	2	7	15	6	8	14	12	9	7	10	10	1	4	10	6	7	1	5	1	1	9	9	5	7	1	2	2	1	12	25	11	19	3	7	2	3	5	11	3	9	1	6	1	4
MD6812_Left_lobe_Cl.18	346	127	33	150	109	166	7	79	86	106	14	124	181	386	9	275	22	77	4	38	17	58	3	25	17	56	6	38	35	153	3	91	426	594	94	441	54	149	22	117	60	182	26	139	220	512	45	367	256	168	286	185	64	47	102	45	93	127	135	91	85	76	77	72	89	117	101	80	32	50	20	28	69	103	68	94	29	47	22	43	227	279	185	240	25	71	37	48	94	174	104	152	44	101	26	56
MD6812_Left_lobe_Cl.19	6	1	0	6	3	5	0	7	6	5	0	4	6	8	2	7	0	1	0	1	0	3	0	1	2	1	0	1	4	3	1	3	15	12	3	7	0	2	1	1	0	7	0	1	5	13	0	5	14	10	13	5	1	2	4	3	4	5	3	8	8	1	5	1	0	1	3	1	0	0	0	0	2	1	0	3	0	0	0	0	7	9	10	6	1	1	1	1	3	7	2	8	3	3	0	1
MD6812_Left_lobe_Cl.2	56	14	7	22	19	25	4	19	9	10	4	14	24	50	2	55	5	14	0	4	3	12	1	3	4	12	1	5	8	21	0	19	53	54	17	43	10	8	3	8	9	22	3	13	15	51	3	38	51	34	57	36	8	11	20	3	15	23	23	17	14	11	15	6	19	21	15	12	6	10	5	8	22	14	18	19	2	4	4	5	41	50	23	43	3	17	6	8	13	30	8	21	7	13	10	4
MD6812_Left_lobe_Cl.22	26	15	2	7	6	14	0	10	9	7	1	12	14	37	1	23	4	16	1	5	0	1	0	2	1	4	0	6	3	12	1	6	35	43	10	37	13	14	0	15	6	18	2	11	20	56	5	33	16	20	25	10	9	5	9	6	7	11	11	7	6	8	8	5	23	20	8	8	9	8	0	4	26	16	8	13	4	11	2	7	11	18	9	23	5	4	1	4	9	15	4	8	2	10	3	3
MD6812_Left_lobe_Cl.23	187	99	28	71	65	75	6	48	75	57	11	72	110	190	10	162	13	50	1	27	8	26	0	26	9	37	4	13	24	71	4	47	272	317	52	246	48	80	8	64	45	126	13	87	145	282	29	229	183	94	200	119	34	36	53	21	61	82	90	67	49	52	63	27	57	72	70	45	25	29	11	17	55	57	47	53	18	29	25	27	200	239	144	214	26	57	29	42	58	114	70	104	34	74	24	57
MD6812_Left_lobe_Cl.3	0	0	1	0	0	0	0	1	0	0	0	1	0	0	0	1	0	0	0	0	0	0	0	0	0	0	0	0	0	0	0	0	0	1	0	0	0	0	3	0	0	0	0	0	0	0	0	0	0	0	1	0	0	0	0	0	0	0	0	0	0	0	0	0	0	0	0	0	1	0	0	0	0	0	0	0	0	0	1	0	1	0	0	0	0	0	0	2	0	0	0	0	0	0	1	0
MD6812_Left_lobe_Cl.65	0	0	0	0	0	0	0	0	0	0	0	0	0	0	0	0	0	0	0	0	0	0	0	0	0	0	0	0	0	0	0	0	0	0	0	0	0	0	0	0	0	0	0	1	0	0	0	0	0	0	0	0	0	0	0	0	0	0	0	0	0	0	0	0	0	0	0	0	0	0	0	0	0	0	0	0	0	0	0	0	0	0	0	0	0	0	0	0	0	0	0	0	0	0	0	0
MD6812_Left_lobe_Cl.8	156	61	11	51	55	58	4	43	48	41	10	48	89	130	6	124	12	29	1	15	7	28	0	11	5	22	4	14	19	69	0	45	146	191	41	117	32	60	4	40	30	65	5	43	82	160	19	144	118	68	134	89	25	30	37	15	45	74	51	42	35	39	42	28	35	38	41	25	19	11	9	10	28	42	19	35	12	11	7	12	105	110	60	130	9	36	25	23	49	60	44	48	21	45	15	23
MD6812_Left_lobe_Cl.9	61	17	2	17	20	15	0	5	15	18	0	17	25	34	2	34	1	7	1	6	0	7	1	5	4	7	0	1	3	24	1	14	88	137	23	81	12	33	2	24	17	28	4	30	38	86	12	81	40	25	46	41	8	11	15	8	13	21	19	15	16	7	19	10	19	26	28	16	11	6	4	10	10	27	18	19	5	6	1	5	50	70	33	62	5	16	7	11	20	34	10	21	7	23	1	11
MD6812_Right_lobe_Cl.1	57	14	7	22	19	25	4	19	9	10	4	14	24	50	2	55	5	14	0	4	3	12	1	3	4	12	1	5	8	21	0	19	53	54	17	43	10	8	3	8	9	22	3	13	15	51	3	38	51	34	57	36	8	11	20	3	15	23	23	17	14	11	15	6	19	20	15	12	6	10	5	8	22	14	18	19	2	4	4	5	41	50	23	43	3	17	6	8	13	30	8	21	7	13	10	4
MD6812_Right_lobe_Cl.10	0	0	0	0	1	0	0	0	0	0	0	0	0	0	0	0	0	0	1	0	1	1	0	0	0	0	0	0	0	0	0	0	3	1	0	0	0	0	0	0	0	0	1	0	0	1	0	0	0	0	0	0	0	0	0	0	0	0	0	0	0	0	0	0	1	0	0	0	0	0	0	0	0	0	1	0	0	0	1	0	0	0	0	0	0	0	0	0	0	0	0	0	0	0	1	0
MD6812_Right_lobe_Cl.11	6	1	0	6	3	5	0	7	6	5	0	4	6	8	2	7	0	1	0	1	0	3	0	1	2	1	0	1	4	3	1	3	15	12	4	7	0	2	1	1	0	7	0	1	5	13	0	5	14	10	13	5	1	2	4	3	4	5	3	8	8	1	5	1	0	1	3	1	0	0	0	0	2	1	0	3	0	0	0	0	7	9	10	6	1	1	1	1	3	7	2	8	3	3	0	1
MD6812_Right_lobe_Cl.12	13	7	3	3	4	11	1	7	8	7	0	12	8	31	1	21	2	5	0	2	0	4	0	4	0	4	1	3	7	15	0	7	14	29	10	15	3	9	1	4	4	6	4	9	16	17	1	15	28	19	37	17	2	7	15	6	8	14	12	9	7	10	10	1	4	10	6	7	1	5	1	1	9	9	5	7	1	2	2	1	12	25	11	19	3	7	2	3	5	11	3	9	1	6	1	4
MD6812_Right_lobe_Cl.13	1	0	0	0	0	3	0	0	0	0	0	0	0	0	0	0	0	0	0	0	0	0	0	0	0	0	0	0	0	0	0	0	0	1	0	0	0	0	0	0	0	0	1	1	0	1	0	1	0	0	0	1	0	0	0	0	0	0	0	0	0	0	0	0	2	0	0	0	0	0	0	0	0	0	0	0	0	0	0	1	0	0	0	0	0	0	0	0	0	0	3	0	0	0	0	2
MD6812_Right_lobe_Cl.15	36	10	8	16	10	14	0	13	9	13	1	15	21	34	3	29	5	5	1	2	2	6	1	3	2	9	1	5	3	13	0	4	53	59	13	63	10	15	2	14	13	22	7	15	33	47	7	40	24	8	27	19	5	6	4	4	8	9	12	3	6	9	5	5	7	8	12	9	6	4	2	4	15	9	5	11	2	5	4	2	32	35	22	42	4	11	11	11	15	28	19	20	12	9	4	10
MD6812_Right_lobe_Cl.18	14	9	2	7	8	13	0	4	8	6	1	3	12	28	2	15	2	4	0	3	0	3	1	3	0	2	0	2	1	12	1	4	12	12	6	11	5	2	0	4	3	8	1	3	4	16	1	10	21	13	13	8	5	5	7	3	7	12	13	6	5	5	4	7	7	3	7	3	2	3	0	0	3	6	4	3	1	2	1	5	18	19	10	12	3	3	2	3	5	13	8	7	5	2	5	4
MD6812_Right_lobe_Cl.19	97	53	13	39	51	55	4	46	34	36	6	49	69	163	4	121	13	35	0	18	5	17	2	9	9	34	1	16	12	49	0	40	192	261	47	209	34	84	6	45	38	83	31	67	85	217	28	150	120	61	121	78	18	24	51	9	50	54	50	27	45	33	34	23	47	69	48	41	18	23	22	18	45	75	42	42	17	20	14	25	96	126	71	92	15	32	10	15	29	58	33	58	18	54	20	29
MD6812_Right_lobe_Cl.2	3	5	3	2	1	1	1	0	1	0	0	0	0	5	1	4	4	17	1	3	0	1	0	2	0	3	0	1	0	1	0	1	3	6	0	1	0	1	0	4	1	1	1	0	2	1	1	1	1	2	3	3	2	0	3	0	0	2	3	1	3	2	0	2	0	0	0	0	1	0	0	0	0	0	1	1	0	0	0	0	1	0	1	0	0	1	0	0	1	3	1	0	0	3	0	0
MD6812_Right_lobe_Cl.20	0	2	0	1	1	0	0	0	1	0	0	3	2	1	0	1	0	1	0	0	0	1	0	0	0	0	0	0	1	0	0	0	0	0	1	0	1	0	0	0	0	0	0	0	0	0	0	0	2	1	1	0	0	0	0	0	0	0	0	1	1	0	0	0	0	0	1	0	0	0	1	0	0	1	0	0	0	1	1	0	1	0	0	0	0	0	0	2	0	0	1	0	1	0	0	0
MD6812_Right_lobe_Cl.3	117	48	11	47	38	49	1	25	53	39	6	43	60	118	7	111	7	19	1	8	8	14	2	12	12	14	1	10	12	38	3	40	216	283	44	264	41	65	17	50	45	87	42	84	134	198	18	177	68	33	68	46	9	23	20	8	23	36	31	23	37	22	24	23	48	39	67	34	15	18	12	15	31	57	42	33	19	22	14	20	123	136	109	159	12	35	17	29	56	63	51	76	24	43	18	38
MD6812_Right_lobe_Cl.4	1	2	0	10	6	4	0	3	16	3	2	14	10	11	2	20	1	1	0	0	2	1	1	3	3	1	0	1	1	4	1	3	12	6	1	5	4	0	3	2	0	5	4	3	6	6	2	8	6	1	3	8	0	0	1	2	0	0	0	1	1	3	0	2	0	1	2	1	1	3	2	0	3	4	2	4	1	2	0	1	1	2	1	4	0	1	1	2	0	1	2	6	0	3	0	4
MD6812_Right_lobe_Cl.71	0	0	0	0	0	0	0	0	0	0	0	0	0	0	0	0	0	0	0	0	0	0	0	0	0	0	0	0	0	0	0	0	0	0	0	0	0	0	0	0	0	0	0	1	0	0	0	0	0	0	0	0	0	0	0	0	0	0	0	0	0	0	0	0	0	0	0	0	0	0	0	0	0	0	0	0	0	0	0	0	0	0	0	0	0	0	0	0	0	0	0	0	0	0	0	0
MD7047_Left_lobe_Cl.1	224	86	23	82	69	111	5	74	61	61	12	75	127	253	11	192	7	50	1	31	10	43	1	23	4	27	0	20	33	95	2	71	274	361	49	250	45	91	12	78	45	128	28	87	143	315	34	224	203	107	220	121	47	46	79	27	68	104	88	82	56	66	75	47	51	84	69	34	15	26	17	21	72	85	58	54	20	22	19	18	159	209	123	201	14	50	33	34	54	138	51	119	29	71	32	33
MD7047_Left_lobe_Cl.10	1	1	1	2	2	1	0	0	1	0	0	4	1	5	0	10	0	0	0	0	0	1	1	0	0	0	0	2	0	1	0	1	0	7	4	2	0	3	4	2	1	4	6	4	3	10	2	7	1	1	1	0	0	1	0	0	0	2	1	1	2	0	1	0	2	3	1	0	0	0	2	2	0	5	1	2	2	0	0	0	0	1	0	1	0	0	1	0	0	1	0	0	0	1	0	1
MD7047_Left_lobe_Cl.11	237	86	24	82	92	104	6	85	78	68	14	63	138	257	6	217	13	44	4	18	11	43	3	17	8	30	2	29	18	98	3	65	347	474	74	376	80	133	13	88	78	157	17	149	200	450	33	298	168	121	236	113	36	48	82	22	55	97	92	83	46	62	63	43	63	98	95	67	20	29	23	26	59	98	61	65	36	39	19	27	166	199	116	218	19	58	23	36	75	119	68	125	20	70	14	43
MD7047_Left_lobe_Cl.12	143	46	18	62	50	93	4	64	47	45	3	53	80	187	9	153	5	16	1	10	9	23	2	19	4	23	4	14	28	92	0	40	277	363	70	307	60	83	12	83	54	127	19	108	186	323	32	254	129	80	151	87	24	26	41	23	51	51	63	39	44	43	48	32	52	54	92	41	20	19	19	11	29	34	39	24	15	17	16	19	194	211	166	200	16	55	32	29	91	110	71	97	23	64	32	38
MD7047_Left_lobe_Cl.13	285	91	36	94	83	107	6	64	82	96	9	93	142	311	13	186	18	95	2	41	13	49	2	23	11	65	3	43	42	132	5	93	220	338	75	259	32	80	20	61	46	126	17	84	127	295	21	182	259	163	326	163	64	81	127	55	129	174	148	94	102	91	101	58	57	124	79	53	23	47	13	26	98	119	68	81	28	33	22	23	256	297	223	278	43	88	36	43	95	197	98	151	52	104	41	53
MD7047_Left_lobe_Cl.14	0	0	0	0	0	0	0	0	0	0	0	0	0	0	0	0	0	0	0	0	0	0	0	0	0	0	0	0	0	0	0	0	1	0	0	0	0	0	0	0	0	0	0	0	0	0	0	0	0	0	0	0	0	0	0	0	0	0	0	0	0	0	0	0	0	0	0	0	0	0	0	0	0	0	0	0	0	0	0	0	0	0	0	0	0	0	0	0	0	0	0	0	0	0	0	0
MD7047_Left_lobe_Cl.15	110	33	10	43	27	51	4	30	28	24	3	43	56	110	5	86	6	29	0	18	3	13	1	8	3	19	0	9	8	44	0	30	172	206	42	173	37	54	10	41	20	79	18	51	94	186	12	128	89	49	106	55	13	21	39	17	32	42	44	34	28	18	31	29	48	60	40	30	15	23	13	17	43	51	36	52	10	15	7	9	64	81	52	66	10	27	11	15	22	51	25	50	11	30	10	18
MD7047_Left_lobe_Cl.16	237	116	27	114	93	141	2	75	79	88	10	131	146	323	15	260	12	65	1	20	13	32	2	18	6	37	3	21	20	83	3	64	470	599	112	445	83	147	15	110	82	182	29	135	254	476	43	334	201	138	256	140	42	62	97	35	76	101	122	74	64	61	91	43	75	117	94	71	19	30	26	14	66	107	47	51	18	16	23	33	224	248	157	215	22	77	24	38	68	131	61	131	42	98	30	54
MD7047_Left_lobe_Cl.17	90	35	8	29	28	42	3	25	23	18	7	27	39	80	8	64	5	16	0	7	5	11	3	5	2	31	0	9	13	38	0	24	139	145	20	141	29	36	7	20	26	47	8	39	77	132	8	106	43	26	50	29	15	9	21	5	24	23	22	12	13	12	17	17	26	19	24	19	13	7	5	13	16	17	12	10	12	10	9	7	114	88	80	134	15	21	10	22	47	60	53	42	11	26	20	28
MD7047_Left_lobe_Cl.18	242	114	31	72	79	117	6	69	71	79	13	68	154	310	14	204	18	53	4	27	13	44	2	24	17	36	1	20	22	112	2	88	300	423	70	315	45	92	8	92	53	117	17	106	127	355	21	244	230	161	268	143	60	40	94	33	79	96	119	78	81	62	79	44	70	97	67	62	29	34	18	22	70	74	57	70	18	28	14	31	192	230	156	227	19	59	32	31	68	134	64	99	37	71	38	41
MD7047_Left_lobe_Cl.19	459	180	55	199	182	288	6	147	150	162	23	158	287	638	26	448	19	96	5	45	24	67	3	41	22	69	2	30	56	199	6	157	763	1009	163	761	130	263	15	174	130	384	44	254	423	806	71	612	480	276	501	265	91	96	158	56	182	216	249	167	145	148	174	107	126	192	169	118	59	65	42	57	122	147	106	143	55	63	28	68	383	444	287	429	35	131	64	77	138	265	154	232	65	156	65	96
MD7047_Left_lobe_Cl.2	0	0	0	0	0	0	0	0	0	0	0	0	0	0	0	0	0	0	0	0	0	0	0	0	0	0	0	0	0	0	0	0	1	0	0	0	0	0	0	0	0	0	0	0	0	0	0	0	0	0	0	0	0	0	0	0	0	0	0	0	0	0	0	0	0	0	0	0	0	0	0	0	0	0	0	0	0	0	0	0	0	0	0	0	0	1	0	0	0	0	0	0	0	0	0	0
MD7047_Left_lobe_Cl.20	0	0	0	0	0	0	0	0	0	0	0	0	0	0	0	0	0	0	0	0	0	0	0	0	0	0	0	0	0	0	0	0	0	0	0	0	0	0	0	0	0	0	0	0	0	0	0	0	0	0	0	0	0	0	0	0	0	0	1	0	0	0	0	0	0	0	0	0	0	0	0	0	0	0	0	0	0	0	0	0	0	0	0	0	0	0	0	0	0	0	0	0	0	0	0	0
MD7047_Left_lobe_Cl.21	0	1	0	0	0	1	0	0	0	0	0	0	0	0	0	0	0	0	0	0	0	0	0	0	0	0	0	0	0	0	0	0	0	0	0	0	0	1	0	1	0	0	0	0	0	1	0	0	0	0	0	0	0	0	0	0	0	0	0	0	0	0	0	1	0	0	1	0	0	0	0	1	1	0	0	0	0	0	0	0	0	0	0	0	0	0	0	0	0	0	0	1	0	0	0	0
MD7047_Left_lobe_Cl.22	322	156	35	146	123	148	14	97	104	98	13	106	190	367	20	309	31	103	3	41	14	44	6	27	11	75	1	38	44	144	5	112	354	473	73	349	55	127	11	82	65	143	20	107	166	398	25	262	362	207	389	187	75	78	119	42	144	181	186	106	104	116	120	76	68	93	74	54	47	37	26	23	56	113	43	62	18	25	17	27	280	339	232	329	27	104	36	40	115	208	121	135	45	120	62	64
MD7047_Left_lobe_Cl.23	313	142	30	141	105	169	8	94	78	118	15	111	178	373	14	331	7	62	3	28	13	55	1	22	15	37	4	34	24	134	1	84	454	602	112	429	75	156	15	140	66	196	22	163	252	509	38	341	276	173	329	193	71	51	136	40	116	125	144	95	94	98	106	59	71	119	123	71	32	40	24	35	66	110	65	82	25	40	20	30	288	338	215	319	29	87	43	60	96	189	100	148	56	90	41	61
MD7047_Left_lobe_Cl.24	64	33	10	30	29	47	2	31	35	24	1	34	49	103	2	80	5	11	0	5	9	20	0	10	1	3	2	10	13	42	1	20	152	213	42	169	29	56	11	38	27	82	12	57	78	172	9	151	71	37	70	37	13	20	19	7	28	34	32	19	31	15	23	20	26	32	38	19	10	14	7	10	20	25	14	18	10	9	5	17	83	88	64	98	9	22	12	13	28	72	32	34	9	18	10	15
MD7047_Left_lobe_Cl.25	0	0	0	0	0	0	0	0	0	0	0	0	0	0	0	0	0	0	0	0	0	0	0	0	0	0	0	0	0	0	0	0	0	0	0	0	0	0	0	0	0	0	0	0	0	0	0	0	0	0	0	0	0	0	0	0	0	0	0	0	0	0	0	0	0	0	0	0	0	1	0	0	0	1	0	0	0	0	0	0	0	0	0	0	0	0	0	0	0	0	0	0	0	0	0	0
MD7047_Left_lobe_Cl.26	112	28	12	56	38	60	2	37	39	42	6	48	86	127	6	114	7	9	2	12	7	19	4	10	7	15	2	9	14	47	0	28	264	299	71	253	54	80	6	66	45	107	26	91	140	282	24	190	80	60	97	53	17	18	35	15	34	37	39	44	34	25	31	23	44	57	63	31	27	16	13	25	29	40	25	33	12	20	18	20	135	130	98	150	10	37	17	20	40	73	51	68	19	33	12	37
MD7047_Left_lobe_Cl.27	0	0	0	0	0	0	0	0	0	0	0	0	0	0	0	0	0	0	0	0	0	0	0	0	0	0	0	0	0	0	0	0	0	0	0	0	0	0	0	0	0	0	0	0	0	0	0	0	0	0	0	0	0	0	0	0	0	0	0	0	0	0	0	0	0	0	0	0	0	0	0	0	0	1	1	0	0	0	1	0	0	0	0	0	0	0	0	0	0	0	0	0	0	0	0	0
MD7047_Left_lobe_Cl.28	0	1	0	0	0	0	0	0	0	0	0	0	0	0	0	0	0	0	0	0	0	0	0	0	0	0	0	0	0	0	0	0	0	0	0	0	0	0	0	0	0	0	0	0	0	0	0	0	0	0	0	0	0	0	0	0	0	0	0	0	0	0	0	0	0	0	0	0	0	0	0	1	0	0	0	0	0	0	0	0	0	0	0	0	0	0	0	0	0	0	0	0	0	0	0	0
MD7047_Left_lobe_Cl.29	8	10	0	1	1	4	0	9	7	7	1	7	6	24	0	18	0	1	1	0	2	3	2	2	3	1	1	2	2	3	0	6	16	19	5	27	3	9	3	4	7	10	2	6	12	24	0	13	5	1	5	4	2	2	3	1	3	5	2	0	3	0	2	3	4	3	2	2	2	2	1	2	2	2	3	4	2	1	1	4	10	10	3	8	2	6	1	3	2	4	3	2	1	1	2	5
MD7047_Left_lobe_Cl.3	264	88	25	98	89	139	8	78	99	86	9	105	149	305	15	222	10	51	7	41	17	44	2	23	16	47	3	24	23	109	1	76	466	533	119	433	89	149	18	115	67	210	39	147	204	509	40	346	231	130	241	139	49	51	92	32	70	117	111	80	86	59	80	55	70	104	116	56	32	50	19	36	81	99	65	61	41	40	20	35	257	244	156	253	21	76	30	41	75	123	74	137	37	70	37	53
MD7047_Left_lobe_Cl.32	1	1	0	1	0	2	0	1	0	0	0	1	0	3	0	1	0	0	0	0	0	1	0	0	0	0	0	0	0	0	0	0	3	1	0	2	2	0	0	0	0	3	0	0	0	2	0	2	1	1	2	1	1	0	0	0	1	0	1	0	0	0	0	0	0	2	1	0	1	0	0	0	0	0	0	1	0	0	0	0	0	1	0	0	0	1	0	0	0	1	1	0	0	0	2	0
MD7047_Left_lobe_Cl.33	393	142	40	148	121	194	6	133	106	123	11	140	245	513	17	376	16	48	2	27	13	59	2	24	19	36	3	36	49	188	4	93	571	814	115	610	103	197	16	136	96	272	34	211	325	660	55	488	316	203	382	220	81	81	94	48	137	142	160	108	113	102	99	69	108	154	118	91	34	42	22	46	88	122	81	98	42	27	19	43	315	351	231	372	28	110	45	61	105	202	136	153	45	128	58	59
MD7047_Left_lobe_Cl.34	0	0	0	0	0	0	0	0	0	0	0	0	0	0	0	0	0	0	0	0	0	0	0	0	0	0	0	0	0	0	0	0	0	0	0	0	0	0	0	0	1	0	0	0	0	0	0	0	0	0	0	0	0	0	0	0	0	0	0	0	0	0	0	1	0	0	0	0	0	0	0	0	0	0	0	0	0	0	0	0	0	0	0	0	0	0	0	0	0	0	0	0	0	0	0	0
MD7047_Left_lobe_Cl.35	0	0	0	0	0	0	0	0	0	0	0	0	0	0	0	1	0	0	0	0	0	0	0	0	0	0	0	0	0	0	0	0	0	1	0	0	0	0	0	0	0	0	0	0	0	0	0	0	0	0	0	0	0	0	0	0	0	0	0	1	0	0	0	0	0	0	0	0	0	0	0	0	0	0	0	0	0	0	0	0	0	0	0	0	0	0	0	0	0	0	0	0	0	0	0	0
MD7047_Left_lobe_Cl.37	125	37	10	41	30	45	5	44	49	33	5	43	63	98	3	90	5	12	3	14	6	21	2	15	7	26	1	8	14	48	0	29	247	319	54	245	36	84	9	47	52	107	25	79	134	238	20	165	95	47	82	64	14	17	31	9	33	33	35	25	25	21	24	20	34	43	45	23	15	14	10	22	36	54	30	39	15	18	14	18	149	167	88	196	17	34	20	25	49	78	68	78	17	54	16	25
MD7047_Left_lobe_Cl.39	0	0	0	0	0	0	0	0	0	0	0	0	0	0	0	0	0	0	0	0	0	0	0	0	0	0	0	0	0	0	0	0	0	0	0	0	0	0	0	0	0	0	0	0	0	0	0	0	1	0	0	0	0	0	0	0	0	0	0	0	0	0	0	0	0	0	0	0	0	0	0	0	0	0	0	0	0	0	0	0	0	0	0	0	0	0	0	0	0	0	0	0	0	0	0	0
MD7047_Left_lobe_Cl.4	0	0	0	0	0	0	0	0	0	0	0	0	0	0	0	0	0	0	0	0	0	0	0	0	0	0	0	0	0	0	0	0	0	0	0	0	0	0	0	0	0	0	0	0	0	0	0	0	1	0	0	0	0	0	0	1	0	0	0	0	0	0	0	0	0	0	0	0	0	0	0	0	0	0	0	0	0	0	0	0	0	0	0	0	0	0	0	0	0	0	0	1	0	0	0	0
MD7047_Left_lobe_Cl.40	121	58	12	43	38	70	3	41	54	47	8	47	69	182	8	130	8	21	3	16	6	20	0	11	3	20	1	13	7	45	0	43	216	282	39	211	25	81	10	45	41	108	16	71	104	222	22	155	94	63	106	67	20	20	35	13	36	50	48	28	37	35	33	26	42	50	51	31	14	23	15	14	35	53	33	38	10	20	10	26	98	107	59	109	9	27	18	20	39	53	41	64	14	41	20	26
MD7047_Left_lobe_Cl.41	22	5	2	14	11	13	1	8	11	12	0	18	17	27	0	29	2	4	0	3	1	7	0	2	2	3	0	1	5	15	0	8	52	68	14	48	4	12	4	15	19	26	11	17	31	60	9	38	19	10	12	10	3	8	6	2	5	6	7	3	11	3	0	4	12	12	8	8	2	7	3	6	10	15	9	9	4	4	2	4	21	25	12	20	3	4	1	12	9	14	8	14	0	7	2	9
MD7047_Left_lobe_Cl.42	1	0	0	0	0	0	0	0	0	0	0	0	0	0	0	0	0	0	0	0	0	0	0	0	0	0	0	0	0	0	0	0	0	0	0	0	0	0	0	0	0	0	0	0	0	0	0	1	0	0	0	0	0	0	0	0	0	0	0	0	0	0	1	0	0	0	0	0	0	0	0	0	0	0	0	0	0	1	0	0	0	0	0	0	0	0	0	0	0	0	0	0	0	0	0	1
MD7047_Left_lobe_Cl.43	348	152	47	150	124	185	8	100	117	119	17	109	204	425	14	297	26	123	2	58	23	49	2	33	20	51	5	33	32	166	3	101	348	505	106	324	65	124	6	92	64	172	18	125	175	411	35	276	431	239	454	199	89	92	168	60	126	193	187	118	132	117	133	69	128	145	109	88	39	69	37	27	127	167	82	114	35	56	24	45	315	423	247	367	47	110	63	59	124	231	138	168	65	147	67	82
MD7047_Left_lobe_Cl.45	0	0	0	0	0	0	0	0	0	0	0	0	0	0	0	0	0	0	0	1	0	0	0	0	0	0	0	0	0	0	0	0	0	0	0	0	0	0	0	0	0	0	0	0	0	0	0	0	0	0	0	0	0	0	0	0	0	0	0	0	0	0	0	0	0	0	0	0	0	0	0	0	0	0	0	0	0	0	0	0	0	0	0	0	0	0	0	0	0	0	0	0	0	0	0	0
MD7047_Left_lobe_Cl.46	88	30	6	34	33	60	1	29	33	42	4	37	77	106	10	94	5	32	2	19	4	17	3	4	10	37	1	12	12	48	1	30	154	181	29	132	19	41	2	31	33	55	16	35	75	143	11	102	94	57	88	64	22	13	28	17	30	25	39	33	26	17	33	24	21	19	19	28	8	7	9	8	25	19	17	20	11	16	5	16	140	138	113	151	11	40	20	30	53	67	54	72	19	47	24	28
MD7047_Left_lobe_Cl.5	501	231	52	209	179	235	16	138	132	170	18	170	286	632	29	423	32	164	6	58	21	84	2	44	31	76	2	59	48	174	7	131	539	788	142	552	95	215	22	136	109	281	25	192	287	674	57	453	457	330	546	265	97	120	175	81	180	254	246	176	173	152	175	78	143	200	132	120	41	61	31	46	139	166	86	119	46	59	35	45	349	469	298	434	37	140	69	70	132	240	151	199	44	169	67	99
MD7047_Left_lobe_Cl.50	137	48	12	67	55	74	0	36	48	37	5	50	92	160	6	114	11	23	1	27	8	25	3	12	10	25	1	9	20	70	4	36	207	278	37	175	37	71	8	42	37	82	13	64	100	262	21	164	126	65	149	83	35	23	39	19	31	61	59	66	46	38	43	21	26	56	47	39	17	11	12	8	36	43	32	39	12	17	13	7	138	158	106	162	19	48	17	18	56	74	65	81	25	44	25	34
MD7047_Left_lobe_Cl.51	79	33	5	32	31	46	2	32	30	22	3	38	59	101	4	60	6	7	0	12	4	8	0	5	2	18	0	6	9	35	0	18	159	173	39	131	23	33	6	37	20	53	7	53	77	142	15	112	55	31	72	40	8	11	21	16	26	30	28	22	32	15	23	13	15	17	29	14	7	12	2	15	14	15	19	16	9	13	3	7	113	114	126	114	17	30	25	22	49	61	60	60	23	32	29	26
MD7047_Left_lobe_Cl.52	0	0	1	0	0	1	0	0	0	0	0	0	0	0	0	0	0	0	0	0	0	0	0	0	0	0	0	0	0	0	0	0	0	0	0	0	0	0	0	0	3	0	0	0	0	0	0	0	0	0	0	1	1	0	0	0	0	0	0	0	0	0	0	0	0	0	0	0	0	0	0	0	0	0	0	0	0	0	0	0	0	0	0	0	0	0	0	0	0	0	0	0	0	0	0	0
MD7047_Left_lobe_Cl.54	1	0	0	0	0	0	0	0	0	0	0	0	0	0	0	0	1	0	0	0	0	0	0	0	0	0	0	0	0	0	0	0	0	0	0	0	0	0	1	0	0	0	0	0	1	0	0	0	0	0	0	0	0	0	0	0	0	0	0	0	0	0	0	0	0	0	0	0	0	0	0	0	0	0	0	0	0	0	0	0	0	0	0	0	0	0	0	0	0	0	0	0	0	0	0	0
MD7047_Left_lobe_Cl.55	0	0	0	0	0	0	0	0	0	0	0	0	0	0	0	0	0	0	0	0	0	0	0	0	0	0	0	0	0	0	0	0	1	0	0	0	0	0	0	0	0	0	0	0	0	0	0	0	0	0	0	0	0	0	0	0	0	0	0	0	0	0	0	0	0	0	0	0	0	0	0	0	0	0	0	0	0	0	0	0	0	0	0	0	0	0	0	0	0	0	0	0	0	0	0	1
MD7047_Left_lobe_Cl.57	0	0	0	1	0	0	0	0	1	0	0	0	0	0	0	2	0	0	0	0	0	0	0	0	0	0	0	0	0	0	0	0	0	0	0	0	0	0	0	0	0	0	0	0	0	0	0	1	0	0	0	0	0	0	0	0	0	0	0	0	0	0	0	0	0	0	0	0	0	0	0	0	0	0	0	0	0	0	0	0	0	0	0	0	0	0	0	0	0	0	0	0	0	0	0	0
MD7047_Left_lobe_Cl.6	0	0	0	0	0	0	0	0	0	0	0	0	0	0	0	0	1	0	0	0	0	0	0	0	0	0	0	0	0	0	0	0	0	0	0	0	0	0	0	0	0	0	0	0	0	0	0	0	0	0	0	0	0	0	0	0	0	0	0	0	0	0	0	0	0	1	0	0	0	0	0	0	0	0	0	0	0	0	0	0	0	0	0	0	0	0	0	0	0	0	0	0	0	0	0	0
MD7047_Left_lobe_Cl.62	0	0	0	0	0	0	0	0	0	0	0	0	0	0	0	0	0	0	0	0	0	0	0	0	0	0	0	0	0	0	0	0	0	0	0	0	0	0	0	0	0	0	0	0	0	0	0	0	0	0	0	0	0	0	0	0	0	0	0	0	0	0	0	0	0	0	0	1	0	0	0	0	0	0	0	0	0	0	0	0	0	0	1	0	0	0	0	0	0	0	0	0	0	0	1	0
MD7047_Left_lobe_Cl.63	15	8	1	14	9	10	0	8	14	5	1	12	8	15	0	26	3	5	0	1	1	3	0	1	1	6	0	1	1	5	0	13	17	16	8	12	11	7	2	7	5	3	7	1	21	11	3	17	20	10	11	8	1	4	5	5	5	8	6	4	8	5	8	6	3	2	4	5	0	3	1	3	5	10	3	3	2	1	3	1	17	15	14	10	1	7	3	3	4	7	4	9	3	4	1	4
MD7047_Left_lobe_Cl.65	117	40	21	58	56	54	3	29	55	25	11	36	78	136	5	99	10	15	3	15	6	16	2	11	8	15	2	12	18	54	2	35	270	291	52	215	35	62	6	54	39	100	19	69	133	232	27	174	106	50	105	72	12	19	38	15	45	45	56	30	42	44	34	19	30	49	55	37	6	12	8	15	30	27	28	25	12	13	12	13	163	162	97	184	11	35	22	30	48	84	65	84	13	49	23	28
MD7047_Left_lobe_Cl.66	0	0	0	0	0	0	0	0	0	0	0	0	0	0	0	0	0	0	0	0	0	0	0	0	0	0	0	0	0	0	0	0	0	0	0	0	0	0	0	0	0	0	0	0	0	0	0	0	0	0	0	0	0	1	0	0	0	0	0	0	0	0	0	0	0	1	0	0	0	0	0	0	0	0	0	0	0	0	0	0	0	0	0	0	0	0	0	0	0	0	0	0	0	0	0	0
MD7047_Left_lobe_Cl.68	0	0	0	0	0	0	0	0	1	0	0	0	0	0	0	0	0	0	0	0	0	0	0	0	0	0	0	0	0	0	0	0	0	0	0	0	0	0	0	0	0	0	0	1	0	0	0	0	0	0	0	0	0	0	0	0	0	0	0	0	0	0	0	0	0	0	0	0	0	0	0	0	0	0	0	0	0	0	0	0	0	0	0	0	0	0	0	0	0	0	0	0	0	0	0	0
MD7047_Left_lobe_Cl.69	0	0	0	0	0	0	0	0	0	0	0	0	0	0	0	0	0	0	0	0	0	0	0	0	0	0	0	0	0	0	0	0	0	0	0	0	0	0	0	0	0	0	0	1	0	0	0	0	0	0	0	0	0	0	0	0	0	0	1	0	0	0	0	0	0	0	0	0	0	0	0	0	0	0	0	0	0	0	0	0	0	0	0	0	0	0	0	0	0	0	1	0	0	0	0	0
MD7047_Left_lobe_Cl.7	227	80	31	91	76	82	9	47	66	58	16	58	103	228	13	145	12	63	2	25	6	27	1	14	4	24	0	23	14	76	2	39	151	237	44	155	19	51	8	38	30	56	10	47	70	162	20	125	246	147	280	133	58	36	93	37	105	108	133	70	87	56	103	34	69	91	77	51	26	39	18	18	81	93	61	65	14	36	12	25	185	181	139	167	18	63	29	18	78	140	73	109	45	71	31	37
MD7047_Left_lobe_Cl.70	0	0	0	0	0	0	0	0	0	0	0	0	0	0	0	0	0	0	0	0	0	0	0	0	0	0	0	0	0	0	0	0	0	0	0	0	0	0	0	0	0	0	0	0	0	0	0	0	0	1	0	0	0	0	0	0	0	0	0	0	0	0	0	0	0	0	0	0	0	0	0	0	0	0	0	0	0	0	0	0	0	0	0	0	0	0	0	0	0	0	0	0	1	0	0	0
MD7047_Left_lobe_Cl.71	0	0	0	0	0	0	0	0	0	0	0	0	0	0	0	0	0	0	0	0	0	0	0	0	0	0	0	0	0	0	0	0	0	0	0	0	0	0	0	0	0	0	0	0	0	1	0	0	0	0	0	0	0	0	0	0	0	0	0	0	0	0	0	0	0	0	0	0	0	0	0	0	0	0	0	0	0	0	0	0	0	0	0	0	0	0	0	0	0	0	0	0	0	0	0	0
MD7047_Left_lobe_Cl.72	0	0	0	0	0	0	0	0	0	0	0	0	0	0	0	0	0	0	0	0	0	0	0	0	0	0	0	0	0	0	0	0	0	0	0	0	0	0	0	0	0	0	0	0	0	1	0	0	0	0	0	0	0	0	0	0	0	0	0	0	0	0	0	0	0	0	0	0	0	0	0	0	0	0	0	0	0	0	0	0	0	0	0	0	0	0	0	0	0	0	0	0	0	0	0	0
MD7047_Left_lobe_Cl.73	0	0	0	0	0	0	0	0	0	0	0	0	0	0	0	0	0	0	0	0	0	0	0	0	0	0	0	0	0	0	0	0	0	0	0	0	0	0	0	0	0	0	0	0	0	0	0	0	0	0	0	0	0	0	0	0	0	0	0	0	0	0	0	0	0	0	0	0	0	0	0	0	0	0	0	0	0	0	0	1	0	0	0	0	0	0	0	0	0	0	0	0	0	0	0	0
MD7047_Left_lobe_Cl.75	0	0	0	0	0	0	0	0	0	0	0	0	0	0	0	0	0	0	0	0	0	0	0	0	0	0	0	0	0	0	0	1	0	0	0	0	1	0	0	0	0	0	0	0	0	0	0	0	0	1	0	0	0	0	0	0	0	0	0	0	0	0	0	0	0	0	0	0	0	0	0	0	0	0	0	0	0	0	0	0	0	0	0	0	0	0	0	0	0	0	0	0	0	0	0	0
MD7047_Left_lobe_Cl.78	0	0	0	0	0	0	0	0	0	0	0	0	0	0	0	0	0	0	0	0	0	0	0	0	0	0	0	0	0	0	0	0	0	0	0	0	0	0	0	0	0	0	0	0	0	0	0	0	0	0	0	0	0	0	0	0	0	0	0	0	0	0	0	0	0	0	0	0	0	0	0	0	0	0	0	0	0	0	0	0	0	0	0	0	0	0	0	1	0	0	0	0	0	0	0	0
MD7047_Left_lobe_Cl.79	0	0	0	0	0	0	1	0	0	0	0	0	0	0	0	0	0	0	0	0	0	0	0	0	0	0	0	0	0	0	0	0	0	0	0	0	0	0	0	0	0	0	0	0	0	0	0	0	0	0	0	0	0	0	0	0	0	0	0	0	0	0	0	0	0	0	0	0	0	0	0	0	0	0	0	0	0	0	0	0	0	0	0	0	0	0	0	0	0	0	0	0	0	0	0	0
MD7047_Left_lobe_Cl.8	678	259	58	240	202	321	13	174	203	212	29	232	400	804	30	554	42	151	7	81	30	96	7	57	32	107	4	64	91	304	7	206	652	989	186	747	123	260	27	194	129	358	53	256	422	834	50	593	629	386	685	380	150	134	225	82	250	293	278	201	200	176	240	115	173	251	202	138	57	107	52	54	163	249	115	167	72	89	50	65	558	654	418	581	63	196	94	98	234	419	230	286	89	217	94	126
MD7047_Left_lobe_Cl.81	0	0	0	0	0	0	0	0	0	0	0	0	0	0	0	0	0	0	0	0	0	0	0	0	0	0	0	0	0	0	0	0	0	0	0	0	0	0	0	0	0	0	0	0	0	0	0	0	0	0	0	0	0	0	0	0	0	0	0	0	0	0	0	0	0	0	0	0	0	0	0	1	0	1	0	0	0	0	0	0	0	0	0	0	0	0	0	0	0	0	0	0	0	0	0	0
MD7047_Left_lobe_Cl.82	0	0	0	0	0	0	0	0	0	0	0	0	0	0	0	0	0	0	0	0	0	0	0	0	0	0	0	0	0	0	0	0	1	0	0	0	0	0	0	0	0	0	0	0	0	0	0	0	0	0	0	0	0	0	0	0	0	0	0	0	0	0	0	0	0	0	0	0	0	0	0	0	0	0	0	0	0	0	0	0	0	0	0	0	0	0	0	0	0	0	0	0	0	0	0	0
MD7047_Left_lobe_Cl.84	0	0	0	0	0	0	0	0	0	0	0	0	0	0	0	0	1	0	0	0	0	0	0	0	0	0	0	0	0	0	0	0	0	1	0	0	0	0	0	0	0	0	0	0	0	0	0	0	0	0	0	0	0	0	0	0	0	0	0	0	0	0	0	0	0	0	0	0	0	0	0	0	0	0	0	0	0	0	0	0	0	0	0	0	0	0	0	0	0	0	0	0	0	0	0	0
MD7047_Left_lobe_Cl.85	0	0	0	0	0	0	0	0	0	0	0	0	0	0	0	0	0	0	0	0	0	0	0	0	0	0	0	0	0	0	0	0	0	0	0	0	0	0	0	0	0	0	0	0	0	1	0	0	0	0	0	0	0	0	0	0	0	0	0	0	0	0	0	0	0	0	0	0	0	0	0	0	0	0	0	0	0	0	0	0	0	0	0	0	0	0	0	0	0	0	1	0	0	0	0	0
MD7047_Left_lobe_Cl.86	0	0	0	0	0	0	0	0	0	0	0	0	0	0	0	0	0	0	0	0	0	1	0	0	0	0	0	0	0	0	0	0	1	0	0	0	0	0	0	0	0	0	0	0	0	0	0	0	0	0	0	0	0	0	0	0	0	0	0	0	0	0	0	0	0	0	0	0	0	0	0	0	0	0	0	0	0	0	0	0	0	0	0	0	0	0	0	0	0	0	0	0	1	0	0	0
MD7047_Left_lobe_Cl.87	0	0	0	0	0	0	0	0	0	0	0	0	0	0	0	0	0	0	0	0	0	0	0	0	0	0	0	0	0	0	0	0	0	0	0	0	0	0	0	0	0	0	0	0	0	0	0	0	0	0	0	0	0	0	0	0	0	0	0	0	0	0	0	0	0	0	0	1	0	0	0	0	0	0	0	0	0	0	0	0	0	0	0	0	0	0	0	0	0	0	0	0	0	0	0	0
MD7047_Left_lobe_Cl.88	1	0	0	1	0	3	0	0	1	0	0	0	0	1	0	2	0	0	0	0	0	0	0	0	0	0	0	0	0	1	0	2	0	0	0	0	0	0	1	0	0	0	1	0	0	1	0	0	0	0	0	1	0	0	0	1	0	0	0	0	0	0	0	0	1	0	0	0	0	0	0	0	0	0	0	0	0	0	0	0	0	0	0	0	0	0	0	0	0	0	0	1	0	0	0	2
MD7047_Left_lobe_Cl.89	18	6	3	9	6	14	1	13	11	5	1	5	13	28	1	8	3	2	1	2	3	6	0	3	1	1	0	2	1	10	1	6	25	36	7	29	7	13	1	11	3	9	2	5	14	25	3	18	16	10	15	13	8	2	3	4	3	10	10	10	2	5	5	2	4	5	13	2	2	0	1	1	3	4	9	1	1	3	3	2	22	26	19	46	0	8	0	6	8	18	13	10	4	5	1	8
MD7047_Left_lobe_Cl.9	150	61	17	57	52	80	5	42	48	55	5	54	70	200	6	143	7	28	0	25	5	43	2	22	8	34	0	34	27	82	3	56	120	158	27	118	20	40	6	38	22	58	10	37	72	130	7	103	179	89	197	80	33	33	56	21	61	75	81	35	55	47	48	35	35	47	34	21	14	18	12	13	24	31	24	31	9	8	7	11	144	165	117	157	23	47	32	19	53	98	60	68	27	49	19	32
MD7047_Left_lobe_Cl.90	3	1	0	2	0	0	0	0	0	1	0	1	2	2	0	0	0	0	0	0	0	0	0	0	0	0	1	0	0	1	0	1	4	3	0	3	0	0	0	0	1	2	2	1	2	3	1	2	4	1	3	0	0	0	2	1	1	1	0	0	0	0	0	1	2	1	2	1	0	1	0	0	0	1	0	1	0	2	0	1	0	1	0	2	0	0	0	0	2	0	0	2	0	1	0	0
MD7047_Left_lobe_Cl.91	1	0	0	0	0	0	0	0	0	0	0	0	0	0	0	0	0	0	0	0	0	0	0	0	0	0	0	0	0	0	0	0	0	0	0	0	0	0	0	0	1	0	0	0	0	0	0	0	0	0	0	0	0	0	0	0	0	0	0	0	0	0	0	0	0	0	0	0	0	0	0	0	0	0	0	0	0	0	0	0	0	0	0	0	0	0	0	0	0	0	0	0	0	0	1	0
MD7047_Left_lobe_Cl.92	7	3	0	6	4	3	0	3	4	4	0	4	5	8	0	11	2	1	0	1	2	4	0	2	0	3	0	0	0	5	1	6	19	13	4	7	2	2	2	1	4	7	3	8	7	15	2	10	6	3	0	6	0	2	0	1	2	1	1	1	1	1	1	3	4	2	2	0	0	2	1	0	0	5	1	0	0	2	2	2	6	7	4	3	0	4	0	1	3	3	2	9	1	4	0	2
MD7047_Left_lobe_Cl.94	5	6	1	5	5	6	0	9	16	3	4	13	11	10	3	32	1	4	0	1	3	2	0	1	1	3	2	1	0	2	1	6	10	6	7	7	6	4	1	5	1	8	11	4	8	13	0	12	1	0	1	7	0	1	2	0	0	2	1	1	2	3	1	1	6	3	1	1	2	1	2	2	6	11	0	4	8	2	0	1	2	1	0	4	2	2	0	7	0	3	0	5	3	3	2	4
MD7047_Left_lobe_Cl.95	0	0	0	0	0	0	0	0	0	0	0	0	0	0	0	0	0	0	0	0	0	0	0	0	0	0	0	0	1	0	0	0	0	0	0	0	0	0	0	0	0	0	0	0	0	0	0	0	0	0	0	0	0	0	0	0	0	0	0	0	0	0	0	0	0	0	0	0	0	0	0	0	0	0	0	0	0	1	0	0	0	0	0	0	1	0	0	0	0	0	0	0	0	0	0	0
MD7047_Left_lobe_Cl.96	0	0	0	0	0	0	0	0	0	0	0	0	0	0	0	0	0	0	0	0	0	0	0	0	0	0	0	0	0	0	0	0	0	0	0	0	0	0	0	0	0	0	0	0	0	0	0	0	0	0	0	0	0	0	0	0	0	0	0	0	0	0	0	0	0	0	0	0	0	0	0	0	0	0	0	0	0	0	0	0	0	0	0	0	0	0	0	0	0	0	0	0	0	0	1	0
MD7047_Left_lobe_Cl.97	0	0	0	0	0	0	0	0	0	0	0	0	0	0	0	0	0	0	0	0	0	0	0	0	0	0	0	0	0	0	0	0	0	0	0	0	0	0	0	0	0	0	0	0	0	0	0	0	0	0	0	0	0	0	0	0	0	0	0	0	0	0	0	0	0	0	1	0	0	0	0	0	0	0	0	0	0	0	0	0	0	0	0	0	0	1	0	0	0	0	0	0	0	0	0	0
MD7047_Left_lobe_Cl.99	0	0	0	0	0	0	0	0	0	0	0	0	0	0	0	0	0	0	0	0	0	1	0	0	0	0	0	0	0	0	0	0	0	0	0	0	0	0	0	0	0	0	0	0	0	0	0	0	0	0	0	0	0	0	0	0	0	0	0	0	0	0	0	0	0	0	0	0	0	0	0	0	0	0	0	0	0	0	0	0	0	0	0	0	0	0	0	0	0	0	0	0	0	0	0	0
MD7047_Right_lobe_Cl.1	502	183	43	159	131	238	11	129	138	139	17	171	267	533	18	377	31	128	3	73	20	70	7	43	26	82	3	48	67	216	3	163	510	728	142	576	91	186	23	147	86	270	46	184	303	621	45	421	455	276	527	274	103	104	164	67	180	208	213	158	152	118	191	97	139	199	158	91	46	81	39	47	137	208	95	166	56	62	38	47	407	475	315	408	50	154	69	69	151	302	180	196	69	172	68	96
MD7047_Right_lobe_Cl.10	375	164	36	158	107	190	8	108	110	104	8	124	201	473	15	327	18	99	0	50	22	76	1	38	15	53	2	42	36	168	7	101	462	632	111	445	89	156	27	115	74	205	25	178	222	525	56	362	366	248	384	212	71	77	112	53	141	146	183	133	111	101	124	63	99	145	116	94	43	54	26	36	79	146	82	107	36	36	21	32	280	353	215	341	45	101	63	55	96	197	119	186	59	135	45	73
MD7047_Right_lobe_Cl.100	10	3	0	5	5	4	0	5	9	1	0	6	6	8	1	11	2	0	0	6	1	1	0	2	1	1	0	0	3	6	0	7	24	21	4	18	5	4	3	7	2	6	3	7	8	29	2	12	10	6	12	5	5	1	3	1	5	9	1	4	2	5	1	3	7	7	5	6	3	2	4	0	2	3	1	2	0	0	4	1	22	25	15	25	1	5	3	0	7	7	4	14	3	6	3	1
MD7047_Right_lobe_Cl.12	364	119	44	119	108	140	7	78	99	114	12	117	182	389	18	249	26	109	2	46	18	61	2	28	13	80	4	50	47	158	7	109	278	437	90	326	47	106	23	74	63	157	19	104	159	367	33	253	329	193	410	192	78	95	155	66	155	207	171	121	122	110	118	66	79	154	112	66	34	62	21	35	120	161	79	110	37	46	25	34	327	363	285	343	51	110	44	52	119	247	120	183	66	126	55	62
MD7047_Right_lobe_Cl.13	242	79	32	73	70	85	7	55	82	72	10	51	127	230	8	141	14	58	6	33	20	39	2	22	7	38	1	24	25	118	4	73	189	217	41	157	25	65	4	38	42	74	8	74	80	159	17	142	232	152	280	154	54	59	100	37	96	118	124	85	84	77	88	47	64	103	58	53	15	36	21	20	84	78	60	72	19	35	14	15	219	250	170	246	28	97	42	36	78	146	106	139	43	101	41	43
MD7047_Right_lobe_Cl.14	65	21	6	31	21	37	5	21	26	25	3	22	44	64	5	62	5	7	0	7	4	12	1	8	2	16	1	5	8	25	2	29	129	154	42	106	30	50	8	31	22	50	10	50	88	120	9	85	54	23	48	38	11	13	17	10	19	18	15	23	14	5	23	11	26	19	34	14	10	11	5	11	15	15	16	14	9	8	4	10	75	100	69	114	9	24	12	14	24	60	23	46	18	31	12	23
MD7047_Right_lobe_Cl.16	471	160	49	201	162	194	13	108	113	159	15	136	275	497	16	360	16	74	1	51	22	62	1	45	22	58	2	35	44	170	8	105	459	635	114	494	85	182	19	119	80	206	16	171	255	575	54	385	452	221	481	251	91	97	130	44	147	193	201	145	144	105	145	82	94	124	109	83	49	43	30	42	67	120	71	81	35	36	18	33	336	450	266	410	42	128	50	56	129	246	140	204	57	145	58	77
MD7047_Right_lobe_Cl.18	64	23	3	32	20	36	2	18	27	20	6	21	32	75	2	83	1	8	1	2	3	9	0	6	1	14	0	7	6	35	0	28	119	140	38	122	15	46	9	27	19	55	11	44	89	125	8	87	51	24	44	36	5	8	16	6	18	16	23	8	14	12	5	14	20	19	29	17	7	6	5	7	9	16	16	11	5	6	8	6	96	75	60	99	5	19	9	14	34	37	28	42	10	26	12	18
MD7047_Right_lobe_Cl.19	1075	463	130	451	379	502	33	285	314	347	51	337	593	1285	56	865	70	350	10	141	50	160	5	91	55	151	7	115	94	415	12	271	1037	1529	292	1031	179	390	36	266	204	510	53	364	532	1246	112	854	1134	715	1280	597	244	248	436	178	411	555	565	364	391	325	411	181	340	436	318	259	106	169	86	91	347	426	230	298	95	151	71	115	847	1073	684	966	102	313	161	147	334	611	362	475	154	387	164	218
MD7047_Right_lobe_Cl.2	0	0	0	0	0	0	0	0	0	0	0	0	0	0	0	0	0	0	0	0	0	0	0	0	0	0	0	0	0	0	0	0	0	0	0	0	0	0	0	0	0	0	0	0	0	0	0	0	0	0	0	0	0	0	0	0	0	0	0	0	0	0	0	0	0	0	0	0	0	0	0	0	0	0	0	0	0	0	0	0	0	0	0	0	0	0	0	0	0	0	0	0	0	0	1	0
MD7047_Right_lobe_Cl.20	10	2	1	5	5	3	2	0	7	3	1	3	9	10	0	12	0	1	0	2	0	0	0	2	0	2	0	0	0	1	1	2	7	6	5	5	1	6	3	3	4	2	5	4	9	5	1	7	3	1	3	4	0	1	3	0	2	1	2	0	1	1	1	2	2	4	2	1	1	1	1	4	2	1	2	5	1	1	0	2	4	5	7	5	3	3	1	4	1	2	3	2	2	0	1	3
MD7047_Right_lobe_Cl.21	61	23	3	19	20	24	1	26	40	18	3	28	35	47	1	74	3	4	4	7	3	12	1	5	4	12	1	3	7	22	2	17	126	130	39	101	18	48	13	24	21	51	12	44	67	94	13	91	30	17	32	23	5	5	7	8	7	14	12	16	16	10	5	6	17	16	30	17	12	9	5	4	20	31	13	16	8	5	3	7	61	53	37	78	3	16	9	14	28	43	20	34	3	14	17	20
MD7047_Right_lobe_Cl.22	0	0	0	0	0	0	0	0	0	0	0	0	0	0	0	0	1	0	0	0	0	0	0	0	0	0	0	0	0	0	0	0	0	0	0	0	0	0	0	0	0	0	0	0	0	0	0	0	0	0	0	0	0	0	0	0	0	0	0	0	0	0	0	0	0	0	0	0	0	0	0	0	0	0	0	0	0	0	0	0	0	0	0	0	0	0	0	0	0	0	0	0	0	0	0	0
MD7047_Right_lobe_Cl.23	220	102	25	89	74	105	7	72	72	73	7	80	126	266	18	190	11	57	1	29	8	34	0	14	11	49	2	27	20	88	4	77	320	406	61	321	50	111	13	74	58	127	15	90	145	294	19	244	266	129	300	137	52	57	96	39	90	108	108	98	73	86	80	42	81	92	86	64	29	40	18	25	69	106	49	63	25	35	25	27	190	232	151	220	24	73	24	33	91	135	81	108	39	87	40	49
MD7047_Right_lobe_Cl.24	0	1	0	0	0	0	0	0	0	0	0	0	0	0	0	0	0	0	0	0	0	0	0	0	0	0	0	0	0	0	0	0	1	0	0	0	0	0	0	0	0	0	0	0	0	0	0	0	0	0	0	0	0	0	0	0	0	0	0	0	0	0	0	0	0	0	0	0	1	0	0	0	0	0	0	0	0	0	0	0	0	0	0	0	0	0	0	0	0	0	0	0	0	0	0	0
MD7047_Right_lobe_Cl.25	31	15	5	15	13	24	0	15	22	14	2	19	37	45	2	51	1	4	0	7	3	6	1	3	3	12	1	4	6	19	0	11	85	100	20	101	18	29	8	20	25	42	19	28	65	88	12	64	28	20	28	25	5	3	8	4	7	14	13	10	11	5	8	6	13	18	25	12	5	6	6	7	14	9	12	15	6	11	8	6	45	47	29	78	6	13	2	10	20	22	17	28	7	14	7	16
MD7047_Right_lobe_Cl.26	0	0	0	0	1	2	0	0	0	0	0	0	0	0	0	0	1	0	0	0	0	0	0	0	0	0	0	0	0	0	0	0	0	0	0	0	1	0	0	0	0	0	0	0	0	0	0	0	0	0	0	0	0	0	0	0	0	0	0	0	2	0	0	2	0	0	0	0	0	0	0	0	0	0	0	0	0	0	0	0	0	0	0	0	0	0	0	0	0	0	1	1	0	0	0	1
MD7047_Right_lobe_Cl.27	0	0	0	0	0	0	0	0	0	0	0	0	0	0	0	0	0	0	0	0	0	0	0	0	0	0	0	0	0	0	0	0	0	0	0	0	0	0	0	0	0	0	0	0	0	0	0	0	0	0	0	0	0	0	0	0	0	0	0	0	1	0	0	0	0	0	0	0	0	0	0	0	0	0	0	0	0	0	0	0	0	0	0	0	0	0	0	0	0	0	0	0	0	0	0	0
MD7047_Right_lobe_Cl.29	0	0	0	0	0	0	0	0	0	0	0	0	0	0	0	0	0	0	0	0	0	0	0	0	0	0	0	0	0	0	0	0	0	0	0	0	0	0	0	0	1	0	0	0	0	0	0	0	0	0	0	0	0	0	0	0	0	0	0	0	0	0	0	0	0	0	0	0	0	0	0	0	0	0	0	0	0	0	0	0	0	0	0	0	0	0	0	0	0	0	0	0	0	0	0	0
MD7047_Right_lobe_Cl.3	33	8	1	10	8	17	0	15	12	10	1	10	20	25	5	27	3	1	0	1	1	7	1	4	1	4	2	3	3	9	0	9	62	95	11	71	9	19	2	15	8	17	4	22	46	66	12	58	19	12	14	16	5	4	5	7	10	9	8	11	5	5	9	5	11	13	15	10	5	5	5	3	2	13	5	5	1	9	2	2	35	41	28	36	3	8	7	5	10	17	19	28	5	11	6	11
MD7047_Right_lobe_Cl.30	129	33	16	40	40	43	1	26	45	38	5	32	65	97	9	100	5	42	1	10	5	10	0	11	5	19	0	9	3	35	0	28	177	230	46	145	36	60	9	43	32	92	16	46	74	163	26	119	105	68	159	71	22	22	57	19	41	47	61	35	28	36	52	13	69	85	84	47	25	41	11	17	93	140	66	78	20	37	13	25	81	102	68	98	11	30	12	19	38	73	56	47	10	42	22	24
MD7047_Right_lobe_Cl.31	1	3	0	2	0	2	1	3	3	4	0	3	3	5	1	6	1	0	0	1	2	0	0	0	2	2	0	0	0	2	0	0	6	7	1	8	0	2	0	4	0	5	3	1	7	6	2	8	1	1	0	5	0	0	1	0	2	0	0	0	0	1	0	0	0	1	2	2	0	1	0	0	0	1	2	0	1	0	0	1	1	3	2	4	1	2	0	1	2	3	6	4	0	1	0	1
MD7047_Right_lobe_Cl.32	0	0	0	0	0	0	0	0	0	0	0	0	0	0	0	0	0	0	0	0	0	0	0	0	0	0	0	0	0	0	0	1	0	0	0	0	0	0	0	0	0	0	0	0	0	0	0	0	0	0	0	0	0	0	0	0	0	0	0	0	0	0	0	0	0	0	0	0	0	0	0	0	0	0	0	0	0	0	0	0	0	0	0	0	0	0	0	0	0	0	0	0	0	0	0	0
MD7047_Right_lobe_Cl.33	0	0	0	0	0	0	0	0	0	0	0	0	0	0	0	0	0	0	0	0	0	0	0	0	0	0	0	0	0	0	0	0	0	0	0	0	0	0	0	0	0	0	0	0	0	0	0	0	0	0	0	0	0	0	0	0	0	0	0	0	0	0	0	0	0	0	0	0	0	0	0	1	0	0	0	0	0	0	0	0	0	0	0	0	0	0	0	0	0	0	0	0	0	0	0	0
MD7047_Right_lobe_Cl.34	25	9	1	18	2	11	0	11	6	10	1	13	10	23	2	29	2	4	0	2	1	3	0	3	0	2	0	4	3	8	1	6	39	38	4	28	8	8	1	10	6	20	1	6	22	36	1	25	14	13	8	9	8	2	8	3	5	4	7	2	9	2	5	2	3	3	13	7	3	6	1	1	6	9	4	8	2	2	1	2	28	37	21	25	0	9	4	1	11	23	10	9	7	4	3	8
MD7047_Right_lobe_Cl.37	0	0	0	0	0	0	0	0	0	0	0	0	0	0	0	0	0	0	0	0	0	0	0	0	0	0	0	0	0	0	0	0	0	0	0	1	0	0	0	0	0	0	0	0	0	0	0	0	0	0	0	0	0	0	0	0	0	0	0	0	0	0	0	0	0	0	0	0	0	0	0	0	0	0	0	0	0	0	0	1	0	0	0	0	0	0	0	0	0	0	0	0	0	0	0	0
MD7047_Right_lobe_Cl.38	0	0	0	0	0	0	0	0	0	0	0	1	0	0	0	1	0	0	0	0	0	0	0	0	0	0	0	0	0	0	0	0	0	0	0	0	0	0	0	0	1	0	0	0	0	0	0	0	0	0	0	0	0	0	0	0	0	0	0	0	0	0	0	0	0	0	0	0	0	0	0	0	0	0	0	0	0	0	0	0	0	0	0	0	0	0	0	0	0	0	0	0	0	0	0	0
MD7047_Right_lobe_Cl.39	11	12	1	5	8	10	3	6	25	9	1	21	10	15	3	22	7	2	1	2	0	2	0	4	0	17	0	5	5	4	0	5	8	7	7	6	9	2	3	3	11	9	18	9	14	13	2	15	5	3	4	5	2	3	4	5	2	6	1	3	6	0	1	6	8	2	4	5	4	2	3	6	5	15	7	10	6	7	4	4	5	6	3	7	5	2	3	16	1	8	4	11	7	2	2	14
MD7047_Right_lobe_Cl.4	0	0	0	0	0	0	0	0	1	0	0	0	0	0	0	0	0	0	0	0	0	0	0	0	0	0	0	0	0	0	0	0	0	0	0	0	0	0	0	0	0	0	0	0	0	0	0	0	0	0	0	0	0	0	0	0	0	0	0	0	0	0	0	0	0	0	0	0	0	0	0	0	0	0	0	0	0	0	0	0	0	0	0	0	0	0	0	0	0	0	0	0	0	0	0	0
MD7047_Right_lobe_Cl.40	180	65	19	54	54	84	2	56	60	48	3	47	83	172	6	135	7	23	2	17	6	23	1	9	6	24	2	16	18	58	3	34	299	409	64	313	61	98	15	82	49	145	26	93	178	324	32	245	110	71	131	84	22	30	38	15	38	57	51	53	45	28	38	31	48	61	89	45	17	26	17	22	39	44	44	32	24	21	27	24	226	183	141	244	14	51	30	38	90	118	75	108	29	45	22	57
MD7047_Right_lobe_Cl.41	0	1	0	1	0	1	0	4	1	0	0	4	1	0	1	2	1	0	0	0	0	0	0	2	0	1	0	0	0	1	0	0	2	0	4	3	1	3	0	3	0	4	9	0	2	4	1	4	0	0	0	0	0	0	0	2	0	0	0	0	1	1	1	1	2	0	1	1	0	3	1	2	1	0	2	0	1	0	0	1	0	0	0	1	0	0	0	2	0	0	0	3	0	0	0	3
MD7047_Right_lobe_Cl.42	338	176	39	183	115	209	10	125	114	152	23	173	236	476	19	366	31	66	7	32	19	63	6	35	16	66	3	41	42	138	3	125	614	815	146	643	125	228	26	178	118	286	72	227	298	658	39	523	314	165	368	183	64	59	106	45	102	125	154	82	117	101	93	59	88	149	145	113	22	55	34	36	100	151	78	123	40	62	28	43	317	327	254	370	26	115	58	70	113	187	135	184	57	138	65	67
MD7047_Right_lobe_Cl.44	0	0	0	0	0	0	0	0	0	0	0	0	0	0	0	0	0	0	0	0	0	0	0	0	0	0	0	0	0	0	0	0	0	0	0	0	0	0	0	0	1	0	0	1	0	0	0	0	0	0	0	0	0	0	0	0	0	0	0	0	0	0	0	0	0	0	0	0	0	0	0	0	0	0	0	0	0	0	0	0	0	0	0	0	0	0	0	0	0	0	1	0	0	0	0	0
MD7047_Right_lobe_Cl.46	0	0	0	1	0	0	0	0	1	0	0	0	0	0	0	2	0	0	0	0	0	0	0	0	0	0	0	0	0	0	0	0	0	0	0	0	0	0	0	0	0	0	0	0	0	0	0	1	0	0	0	0	0	0	0	0	0	0	0	0	0	0	0	0	0	0	0	0	0	0	0	0	0	0	0	0	0	0	0	0	0	0	0	0	0	0	0	0	0	0	0	0	0	0	0	0
MD7047_Right_lobe_Cl.47	0	0	0	0	0	0	0	0	0	0	0	0	0	0	0	0	0	0	0	0	0	0	0	0	0	0	0	0	0	0	0	0	0	0	0	0	0	0	0	0	0	0	0	0	0	1	0	0	0	0	0	0	0	0	0	0	0	0	0	0	0	0	0	0	0	0	0	0	0	0	0	0	0	0	1	0	0	0	0	0	0	0	0	0	0	0	0	1	0	0	0	0	0	0	0	0
MD7047_Right_lobe_Cl.48	0	0	0	0	0	0	0	0	0	0	0	0	0	0	0	0	0	0	0	0	0	0	0	0	0	0	0	0	0	0	0	0	0	0	0	0	0	0	0	0	0	0	0	1	0	0	0	0	0	0	0	0	0	0	0	0	0	0	0	0	0	0	0	0	0	0	0	0	0	0	0	0	0	0	0	0	0	0	0	0	0	0	0	0	0	0	0	0	0	0	0	0	0	0	0	0
MD7047_Right_lobe_Cl.49	0	0	0	0	0	0	0	0	0	0	0	0	0	0	0	0	0	0	0	0	0	0	0	0	0	0	0	0	0	0	0	0	0	0	0	0	0	0	0	0	0	0	0	0	0	0	0	0	0	0	0	0	0	0	0	0	0	0	0	0	0	0	0	0	0	0	0	0	0	0	0	0	0	0	0	0	0	1	0	0	0	0	0	0	0	0	0	0	0	0	1	0	0	0	0	0
MD7047_Right_lobe_Cl.5	135	50	23	47	47	54	2	31	39	31	4	42	58	142	5	114	8	27	0	20	6	22	0	13	7	16	0	10	10	48	2	45	193	240	51	194	28	68	11	44	28	91	26	63	88	236	25	176	118	64	157	66	17	31	46	16	33	45	65	45	38	21	41	15	53	100	63	41	34	38	21	31	90	108	61	69	21	43	17	26	117	134	80	132	14	39	23	22	45	77	51	60	22	49	13	35
MD7047_Right_lobe_Cl.50	0	0	0	0	0	0	0	0	0	0	0	0	0	0	0	0	0	0	0	0	0	0	0	0	0	0	0	0	0	0	0	0	0	0	0	0	0	0	0	0	0	0	0	0	0	0	0	0	0	0	0	0	0	0	0	0	0	0	0	0	0	0	0	0	0	0	0	0	0	0	0	0	0	1	0	0	0	0	0	0	0	0	0	0	0	0	0	0	0	0	0	0	0	0	0	1
MD7047_Right_lobe_Cl.52	0	0	0	0	0	1	0	0	0	0	0	0	0	0	0	0	0	0	0	0	0	0	0	0	0	0	0	0	0	0	0	0	1	0	0	0	0	0	0	1	0	0	0	0	0	1	0	0	0	0	0	0	0	0	0	0	0	0	0	0	0	0	1	0	0	0	0	0	0	0	0	0	0	0	0	0	0	0	0	0	0	0	0	0	0	0	0	0	0	0	0	0	0	0	0	0
MD7047_Right_lobe_Cl.53	0	0	0	0	0	0	0	0	0	0	0	0	0	0	0	0	0	0	0	0	0	0	0	0	0	0	0	0	0	0	0	0	1	0	0	0	0	0	0	0	0	0	0	0	0	0	0	0	0	0	0	0	0	0	0	0	0	0	0	0	0	0	0	0	0	0	0	0	0	0	0	0	0	0	0	0	0	0	0	0	0	0	0	0	0	0	0	0	0	0	0	0	0	0	0	0
MD7047_Right_lobe_Cl.54	0	0	1	0	0	0	0	0	0	0	0	0	0	0	0	0	0	0	0	0	0	1	0	0	0	0	0	0	0	0	0	0	0	0	0	0	0	0	0	0	0	0	0	0	0	0	0	0	0	0	0	0	0	0	0	0	0	0	0	0	0	0	0	0	0	0	0	1	0	0	0	0	0	0	0	0	0	0	0	0	0	1	0	0	0	0	0	0	0	0	0	0	0	0	0	0
MD7047_Right_lobe_Cl.55	0	0	0	0	0	0	0	0	0	0	0	0	0	0	0	0	0	0	0	0	0	0	0	0	0	0	0	0	0	0	0	0	0	0	0	0	0	0	0	0	0	0	0	0	1	0	0	0	0	0	0	0	0	0	0	0	0	0	0	0	0	0	0	0	1	0	0	0	0	0	0	0	0	0	0	0	0	0	0	0	0	0	0	0	0	0	0	0	0	0	0	0	0	0	0	0
MD7047_Right_lobe_Cl.56	12	9	1	13	10	8	2	11	23	6	3	20	19	11	0	34	6	2	2	5	3	3	0	1	1	3	2	2	2	1	0	9	17	13	11	5	12	6	5	5	5	19	35	8	24	13	5	20	2	5	2	3	0	4	0	5	3	0	1	5	11	3	3	6	7	3	5	9	3	5	2	7	10	12	10	5	9	10	6	6	6	3	2	9	1	1	6	16	1	2	3	8	2	2	0	18
MD7047_Right_lobe_Cl.57	0	0	0	0	0	0	0	0	0	0	0	0	0	0	0	0	0	0	0	0	0	0	0	0	0	0	0	0	0	0	0	0	0	0	0	0	0	0	0	0	0	0	0	0	0	0	0	0	0	0	0	1	0	0	0	0	0	0	0	0	0	0	0	0	0	0	0	0	0	0	0	0	0	0	0	0	0	0	0	0	0	0	0	0	0	0	0	0	0	0	0	0	0	0	0	0
MD7047_Right_lobe_Cl.58	0	0	0	0	0	0	0	0	0	0	0	0	0	1	0	0	0	0	0	0	0	0	0	0	0	0	0	0	0	1	0	0	0	0	0	0	0	0	0	0	0	0	0	0	0	0	0	0	0	0	0	0	0	0	0	0	0	0	0	0	0	0	0	0	0	0	0	0	0	0	0	0	0	0	0	0	0	0	0	0	0	0	0	0	0	0	0	0	0	0	0	0	0	0	0	0
MD7047_Right_lobe_Cl.61	0	0	0	0	0	0	0	0	0	0	0	0	0	0	0	0	0	0	0	0	0	0	0	0	0	0	0	0	0	0	0	0	0	0	0	0	0	0	0	0	1	0	0	0	0	0	0	0	0	0	0	0	0	0	0	0	0	0	0	0	0	0	0	0	0	0	0	0	0	0	0	0	0	0	0	0	0	0	0	0	0	0	0	0	0	0	0	0	0	0	0	0	0	0	0	0
MD7047_Right_lobe_Cl.62	1	0	0	1	0	2	1	1	1	1	0	1	0	0	0	1	0	0	0	2	0	0	0	0	0	0	0	0	0	0	0	0	4	0	0	0	0	1	0	2	1	1	0	0	1	1	0	1	0	0	1	1	0	0	0	0	0	0	0	0	0	0	0	0	1	0	0	0	1	0	1	0	0	1	0	0	0	0	0	0	1	1	1	0	0	0	0	1	0	0	0	3	0	0	0	2
MD7047_Right_lobe_Cl.63	0	0	0	0	0	0	0	1	0	0	0	0	0	0	0	0	0	0	0	0	0	0	0	0	0	0	0	0	0	0	0	0	0	0	0	0	0	0	0	0	0	0	0	0	0	0	0	0	0	0	0	0	0	0	0	0	0	0	0	0	0	0	0	0	0	0	0	0	0	0	0	0	0	0	0	0	0	0	0	0	0	0	0	0	0	0	0	0	0	0	0	0	0	0	0	0
MD7047_Right_lobe_Cl.65	0	0	0	0	0	0	0	0	0	0	0	0	0	0	0	0	0	0	0	0	0	0	0	0	0	0	0	0	0	0	0	1	0	0	0	0	1	0	0	0	0	0	0	0	0	0	0	0	0	0	0	0	0	0	0	0	0	0	0	0	0	0	0	0	0	0	0	0	0	0	0	0	0	0	0	0	0	0	1	0	0	0	0	0	0	0	0	0	0	0	0	0	0	0	0	0
MD7047_Right_lobe_Cl.68	1	0	0	0	0	0	0	0	0	0	0	0	0	0	0	0	0	0	0	0	0	0	0	0	0	0	0	0	0	0	0	0	0	0	0	0	0	0	0	0	0	0	0	0	0	0	0	0	0	0	0	0	0	0	0	0	0	0	0	0	0	0	0	0	0	0	0	0	0	0	0	0	0	0	0	0	0	0	0	0	0	0	0	0	0	0	0	0	0	0	0	0	0	0	0	0
MD7047_Right_lobe_Cl.7	0	0	0	0	0	0	0	0	0	0	0	0	0	0	0	0	0	0	0	0	0	0	0	0	0	0	0	0	0	0	0	0	0	0	0	0	0	0	0	0	0	0	0	0	0	0	0	0	0	0	0	0	0	0	0	0	0	0	0	0	0	0	0	0	0	0	0	0	0	0	0	0	0	0	0	0	0	0	0	0	0	0	0	0	0	0	0	0	0	0	0	0	0	0	1	0
MD7047_Right_lobe_Cl.70	0	0	0	0	0	0	0	0	0	0	0	0	0	0	0	0	0	0	0	0	0	0	0	0	0	0	0	0	0	0	0	0	0	0	0	0	0	0	0	0	1	0	0	0	0	0	0	0	0	0	0	0	0	0	0	0	0	0	0	0	0	0	0	0	0	0	0	0	0	0	0	0	0	0	0	0	0	0	0	0	0	0	0	0	0	0	0	0	0	0	0	0	0	0	0	0
MD7047_Right_lobe_Cl.71	0	0	0	0	0	0	0	0	0	0	0	0	0	0	0	0	0	0	0	0	0	0	0	0	0	0	0	0	0	0	0	0	0	0	0	0	0	0	0	0	0	0	0	0	0	0	0	0	0	0	0	0	0	0	0	0	0	0	0	0	0	0	0	0	0	0	0	0	0	0	0	0	0	0	0	0	0	0	0	0	0	0	0	0	0	0	0	0	0	0	0	1	0	0	0	0
MD7047_Right_lobe_Cl.73	0	0	0	0	0	0	0	0	0	0	0	0	0	0	0	0	0	0	0	0	0	0	0	0	0	0	0	0	0	0	0	0	0	0	0	0	0	0	0	0	0	0	0	0	0	1	0	0	0	0	0	0	0	0	0	0	0	0	0	0	0	0	0	0	0	0	0	0	0	0	0	0	0	0	0	0	0	0	0	0	0	0	0	0	0	0	0	0	0	0	0	0	0	0	0	0
MD7047_Right_lobe_Cl.74	1	0	0	0	0	0	0	0	0	0	0	0	0	0	0	0	0	0	0	0	0	0	0	0	0	0	0	0	0	0	0	0	0	0	0	0	0	0	0	0	0	0	0	0	0	0	0	0	0	0	0	0	0	0	0	0	0	0	0	0	0	0	0	0	0	0	0	0	0	0	0	0	0	0	0	0	0	0	0	0	0	0	0	0	0	1	0	0	0	0	0	0	1	0	0	0
MD7047_Right_lobe_Cl.76	9	1	2	4	9	2	2	4	22	7	1	17	13	10	0	20	3	0	1	2	4	3	2	3	0	0	0	2	3	1	0	2	5	2	6	4	5	0	3	0	5	5	10	8	14	6	3	10	1	0	2	3	1	0	2	2	0	1	1	3	6	2	2	6	6	1	5	2	1	3	1	3	5	5	6	6	2	4	5	1	2	1	0	1	1	2	2	3	1	1	0	3	0	4	0	2
MD7047_Right_lobe_Cl.77	0	0	0	0	0	0	0	0	0	0	0	0	0	0	0	0	0	0	0	0	0	0	0	0	0	0	0	0	0	0	0	1	0	0	0	0	0	0	0	0	0	0	0	0	0	0	0	0	0	0	0	0	0	0	0	0	0	0	0	0	0	0	0	0	0	0	0	0	0	0	0	0	0	0	0	0	0	0	0	0	0	0	0	0	0	0	0	0	0	0	0	0	0	0	0	0
MD7047_Right_lobe_Cl.78	0	0	0	0	0	0	0	0	0	0	0	0	0	0	0	0	0	0	0	0	0	0	0	0	0	0	0	0	0	0	0	0	0	0	0	0	0	0	0	0	0	0	0	0	0	0	0	0	0	0	0	0	0	0	0	0	0	0	0	0	0	0	0	0	0	0	0	0	0	0	0	0	0	0	0	0	0	0	0	0	0	0	0	0	0	0	0	0	0	0	0	1	0	0	0	0
MD7047_Right_lobe_Cl.8	222	108	19	108	81	114	10	71	77	78	12	91	137	261	7	192	21	34	1	24	9	31	1	19	9	38	2	15	29	80	0	65	382	534	86	400	83	129	9	87	77	198	41	155	205	427	54	313	223	126	228	125	52	48	80	34	82	85	94	60	71	62	80	39	77	110	115	55	29	62	20	34	90	126	78	96	27	41	23	38	218	253	194	282	23	67	34	38	84	122	94	123	37	96	38	53
MD7047_Right_lobe_Cl.81	0	0	0	0	0	0	0	0	0	0	0	0	0	0	0	0	0	0	0	0	0	0	0	0	0	0	0	0	0	0	0	1	0	1	0	0	0	0	0	0	0	0	0	0	0	0	0	0	0	0	0	0	0	0	0	0	0	0	0	0	0	0	0	0	0	0	0	0	0	0	0	0	0	0	0	0	0	0	1	0	0	0	0	0	0	0	0	0	0	0	0	0	0	0	0	0
MD7047_Right_lobe_Cl.82	0	0	0	0	0	0	0	0	0	1	0	0	0	0	0	0	0	0	0	0	0	0	0	0	0	0	0	0	0	0	0	0	1	0	0	0	0	0	0	0	0	0	0	0	0	0	0	0	0	0	0	0	0	0	0	0	0	0	0	0	0	0	0	0	0	0	0	0	0	0	0	0	0	0	0	0	0	0	0	0	0	0	0	0	0	0	0	0	0	0	0	0	0	0	0	0
MD7047_Right_lobe_Cl.84	8	2	1	2	6	1	1	9	3	1	0	10	10	5	2	12	3	1	1	2	2	1	0	0	0	2	0	3	1	1	0	6	8	1	5	2	5	5	3	1	6	8	15	6	4	8	3	8	0	2	2	2	0	5	1	2	0	0	2	2	2	1	0	2	4	7	3	1	4	2	3	6	5	6	3	3	1	4	0	7	0	2	0	9	3	3	0	6	0	1	2	2	0	2	0	8
MD7047_Right_lobe_Cl.85	0	0	0	0	0	0	0	0	0	0	0	0	0	0	0	0	0	0	0	0	0	0	0	0	0	0	0	0	0	0	0	0	0	0	0	0	0	0	0	0	0	0	0	0	0	0	0	0	0	1	0	0	0	0	0	0	0	0	0	0	0	0	0	0	0	0	0	0	0	0	0	0	0	0	0	0	0	0	0	0	0	0	0	0	0	0	0	0	0	0	0	0	0	0	1	0
MD7047_Right_lobe_Cl.86	0	0	0	0	0	0	0	0	0	0	0	0	0	0	0	0	0	0	0	0	0	0	0	0	0	0	0	0	0	0	0	0	0	0	0	0	0	0	0	0	0	0	0	0	0	0	0	0	0	0	0	0	0	0	0	0	0	0	0	0	0	0	0	0	0	0	0	0	0	0	0	0	0	1	0	0	0	0	0	0	0	0	0	0	0	0	0	0	0	0	0	0	0	0	0	0
MD7047_Right_lobe_Cl.88	0	0	0	0	0	0	0	0	0	0	0	0	0	0	0	0	0	0	0	0	0	0	0	0	0	0	0	0	0	0	0	0	0	1	0	0	0	0	0	0	0	0	0	0	0	0	0	0	0	0	0	0	0	0	0	0	0	0	0	0	0	0	0	0	0	0	0	0	0	0	0	0	0	0	0	0	0	1	0	0	0	0	0	0	0	0	0	0	0	0	0	0	0	0	0	0
MD7047_Right_lobe_Cl.89	0	0	0	0	0	0	0	0	0	0	0	0	0	0	0	0	0	0	0	0	0	0	0	0	0	0	0	0	0	0	0	0	0	0	0	0	0	0	1	0	0	0	0	0	0	0	0	0	0	0	0	0	0	0	0	0	0	0	0	0	0	0	0	0	0	0	0	0	0	0	0	0	1	0	0	0	0	0	0	0	0	0	0	0	0	0	0	0	0	0	0	0	0	0	0	0
MD7047_Right_lobe_Cl.9	221	89	25	94	72	115	5	68	97	75	8	97	110	267	7	215	12	31	3	22	15	46	3	20	14	42	4	35	30	110	3	67	410	597	89	392	80	141	16	111	76	179	45	121	227	436	41	338	174	112	215	113	31	28	55	19	64	89	78	64	72	49	70	41	46	80	88	51	20	32	15	21	40	52	74	61	32	30	14	33	283	312	196	344	25	72	41	42	103	164	92	137	53	70	40	75
MD7047_Right_lobe_Cl.91	0	0	0	0	0	0	0	0	0	0	0	0	0	0	0	1	0	0	0	0	0	0	0	0	0	0	0	0	0	0	0	0	0	0	0	0	0	0	0	0	0	0	0	0	0	0	0	0	0	0	0	0	0	0	0	0	0	0	0	0	0	0	0	0	0	1	1	0	0	0	0	0	0	0	0	0	0	0	0	0	0	0	1	0	0	0	0	0	0	0	0	0	0	0	0	0
MD7047_Right_lobe_Cl.92	0	0	0	0	0	0	0	0	0	0	0	0	0	0	0	0	0	0	0	0	0	0	0	0	0	0	0	0	0	0	0	0	0	0	0	0	0	0	0	0	0	0	0	0	0	0	0	0	0	0	0	0	0	0	0	0	0	0	0	0	0	0	0	0	0	0	1	0	0	0	0	0	0	0	0	0	0	0	0	0	0	0	0	0	0	0	0	0	0	0	0	0	0	0	0	0
MD7047_Right_lobe_Cl.93	0	0	0	0	0	0	1	0	0	0	0	1	0	0	0	0	0	0	0	0	0	0	0	0	0	0	0	0	0	0	0	0	0	0	0	0	0	0	0	0	0	0	0	0	0	0	0	1	2	0	0	0	0	0	0	1	0	0	0	0	0	0	0	0	0	0	0	0	0	0	0	0	0	0	0	0	0	0	0	0	0	0	0	0	0	0	0	0	0	0	1	0	0	0	0	0
MD7047_Right_lobe_Cl.94	0	0	0	0	0	0	0	0	0	0	0	0	0	0	0	0	0	0	0	0	0	0	0	0	0	0	0	0	0	0	0	0	0	0	0	0	0	0	0	0	0	0	0	0	0	0	0	0	0	0	0	0	0	0	0	0	0	0	0	0	0	0	0	0	0	0	0	0	0	0	1	0	0	0	0	0	0	0	0	0	0	0	0	0	0	0	0	0	0	0	0	0	0	0	0	0
MD7047_Right_lobe_Cl.96	0	0	0	0	0	0	0	0	0	0	0	0	0	0	0	0	0	0	0	0	0	0	0	0	0	0	0	0	0	0	0	0	0	0	0	0	0	0	0	0	1	0	0	0	0	0	0	0	0	0	0	0	0	0	0	0	0	0	0	0	0	0	0	0	0	0	0	0	0	0	0	0	0	0	0	0	0	0	0	0	0	0	0	0	0	0	0	0	0	0	0	0	0	0	0	0
MD7047_Right_lobe_Cl.97	0	0	0	0	0	0	0	0	0	0	0	0	0	0	0	0	0	0	0	1	0	0	0	0	0	0	0	0	0	0	0	0	0	0	0	0	0	0	0	0	0	0	0	0	0	0	0	0	0	0	0	0	0	0	0	0	0	0	0	0	0	0	0	0	0	0	0	0	0	0	0	0	0	1	0	0	0	0	0	0	0	0	0	0	0	0	0	0	0	0	0	0	0	0	0	0
MD7047_Right_lobe_Cl.98	0	1	0	0	0	0	0	0	0	0	0	0	0	0	0	1	1	0	0	0	0	0	0	0	0	0	0	0	0	0	0	0	0	0	0	0	1	1	0	0	0	0	0	0	0	3	0	0	1	0	1	0	0	0	0	1	0	0	0	0	3	0	0	1	0	0	0	0	0	0	0	0	0	1	0	1	0	0	0	0	0	0	0	0	0	0	0	0	0	0	0	0	0	0	0	0
MD7047_Right_lobe_Cl.99	1	2	0	2	2	0	1	1	0	0	0	1	1	3	0	3	0	0	0	0	1	0	0	0	0	1	0	0	0	0	0	0	1	1	0	2	1	2	0	0	0	1	2	0	1	3	0	0	1	1	1	3	0	0	1	0	0	0	1	0	1	0	0	0	1	0	0	0	0	1	0	1	0	0	0	1	1	0	0	4	2	1	2	2	0	0	1	0	1	0	1	0	0	2	2	0
